bohai_90_180_dm24_snMoE_CrossGNN_ev_custom_ftM_sl90_ll48_pl180_dm24_nh8_el2_dl1_df64_fc1_ebtimeF_dtTrue_Exp_0_lr0.01_ngcn1_tgcn1_ood1_td1_nd1_lossweighted_layer2_scale4_hidden8_tk5_gh24  
mse:2.6047680377960205, mae:1.290048360824585, rmse:1.6139293909072876, rse:0.1894265115261078, corr:[0.35274675 0.35233554 0.3524567  0.35249615 0.3525181  0.35243228
 0.35258883 0.3530639  0.35351887 0.35296822 0.35310066 0.35288134
 0.35287082 0.35252643 0.35317278 0.352441   0.35327262 0.35289326
 0.35318127 0.35350037 0.35308647 0.35301092 0.3532944  0.35415202
 0.3535246  0.35297465 0.35395852 0.3540517  0.35426012 0.35439196
 0.35463828 0.3544996  0.35493296 0.35492396 0.35522217 0.3548906
 0.35501578 0.35485598 0.353947   0.35347345 0.35348406 0.35315177
 0.35307002 0.3534195  0.35353297 0.35381198 0.35413238 0.3539727
 0.3544428  0.35529056 0.35529453 0.35486645 0.35507885 0.35478625
 0.35561064 0.35552427 0.3553106  0.35491478 0.35497767 0.35555694
 0.35538748 0.35508797 0.3549368  0.35483673 0.3543974  0.35422626
 0.35456157 0.3547404  0.35481113 0.3542094  0.35426947 0.35435176
 0.3540842  0.35380125 0.35419208 0.35413483 0.35422692 0.3550635
 0.35523823 0.35503775 0.35537326 0.35537168 0.35559407 0.35545504
 0.35529593 0.35582343 0.3556011  0.355999   0.35575595 0.35601404
 0.35607448 0.35641998 0.3560689  0.35570225 0.35547623 0.35586426
 0.35613227 0.35600612 0.35575542 0.35678172 0.35685578 0.35697758
 0.35643798 0.3573227  0.35756645 0.3584242  0.35779947 0.35825446
 0.35812962 0.35686347 0.35705477 0.3568558  0.35745415 0.35767365
 0.35766932 0.35826123 0.35907328 0.35916618 0.35911846 0.3593391
 0.3593954  0.35963675 0.35997504 0.36000788 0.3599441  0.35947943
 0.35924125 0.3587985  0.35826686 0.3584849  0.3591546  0.35895175
 0.35908023 0.3590734  0.35864946 0.35812876 0.35740438 0.35786867
 0.35767883 0.357681   0.35791698 0.35761738 0.3566483  0.35644466
 0.35583347 0.35547942 0.3550509  0.35464275 0.3536594  0.3536692
 0.3538079  0.35342705 0.35297623 0.35310107 0.35343733 0.3535026
 0.35306454 0.35344878 0.35306987 0.35245174 0.35274047 0.3528016
 0.3526403  0.35249132 0.35119513 0.35100532 0.35100013 0.35095972
 0.3515398  0.35134357 0.35177413 0.35169926 0.35134548 0.3511495
 0.3515798  0.351609   0.351249   0.35132018 0.35132557 0.35132346]

bohai_90_365_dm24_snMoE_CrossGNN_ev_custom_ftM_sl90_ll48_pl365_dm24_nh8_el2_dl1_df64_fc1_ebtimeF_dtTrue_Exp_0_lr0.01_ngcn1_tgcn1_ood1_td1_nd1_lossweighted_layer2_scale4_hidden8_tk5_gh24  
mse:2.2409017086029053, mae:1.1763718128204346, rmse:1.4969642162322998, rse:0.1760929971933365, corr:[0.3364287  0.33663604 0.3368462  0.33825153 0.33735296 0.3381104
 0.33743164 0.33743367 0.33738613 0.33632421 0.33853683 0.33741504
 0.33595943 0.33818007 0.3376258  0.3373904  0.337065   0.33649656
 0.33746433 0.33675465 0.33757842 0.3366415  0.33683556 0.33662543
 0.33755618 0.337642   0.33667934 0.33689654 0.33539706 0.33735773
 0.33686778 0.3369946  0.3358419  0.33696613 0.33608547 0.33616152
 0.3367513  0.336369   0.3365678  0.33627406 0.33627558 0.33541077
 0.33534735 0.33602208 0.33663905 0.33560264 0.33565944 0.33485997
 0.33531564 0.33553347 0.33589545 0.33584812 0.33598197 0.33569968
 0.33641148 0.33587044 0.33571422 0.3368712  0.33743572 0.33590078
 0.3366313  0.33724493 0.33697596 0.3364375  0.33610317 0.33733416
 0.33748198 0.33690608 0.33701944 0.3369005  0.33708748 0.3381781
 0.33774266 0.33711413 0.33888042 0.33900225 0.3374326  0.34016812
 0.33906206 0.33939582 0.34032506 0.33991092 0.33965567 0.340021
 0.34055987 0.3392127  0.34066656 0.33983302 0.34109783 0.33995572
 0.34055293 0.3408518  0.3413406  0.34155056 0.3411676  0.3426156
 0.3415939  0.34190294 0.3410311  0.34203914 0.34226438 0.34291
 0.34133223 0.34178644 0.3420969  0.34128073 0.34202737 0.34235358
 0.3412439  0.34032997 0.34047583 0.3412353  0.34079307 0.34190708
 0.34101662 0.34001395 0.3399404  0.33942142 0.340368   0.34011078
 0.33970928 0.34053728 0.339542   0.3397271  0.3386906  0.33853552
 0.33831125 0.33875522 0.33803162 0.33667338 0.33784792 0.33685583
 0.33700657 0.33728138 0.33684415 0.33580074 0.33585685 0.3359945
 0.33531082 0.3349191  0.3342727  0.33381233 0.33418086 0.33440247
 0.33416817 0.3336344  0.33428708 0.3336987  0.3336443  0.33475766
 0.33423308 0.33358368 0.33362073 0.33413124 0.33313832 0.3340144
 0.33281994 0.3330291  0.33372614 0.33422768 0.33380005 0.33303234
 0.33402407 0.3333942  0.33425784 0.33457774 0.33355016 0.33399004
 0.33480015 0.33368248 0.33452827 0.33394784 0.3343916  0.33472872
 0.33429268 0.3344974  0.33349788 0.33416188 0.33457446 0.33478716
 0.33609626 0.33510798 0.3338497  0.33385348 0.3338465  0.33488154
 0.3348431  0.33553806 0.33566195 0.33457872 0.3361137  0.33681515
 0.33589804 0.33643398 0.33574572 0.33431938 0.33521026 0.3349054
 0.33457282 0.33535546 0.33573303 0.3356596  0.33484948 0.3360589
 0.33558628 0.33639446 0.33604625 0.335432   0.33437923 0.33646616
 0.33648768 0.33519328 0.33486706 0.33525065 0.3350912  0.33499926
 0.33374256 0.33459827 0.33464426 0.33464053 0.33400798 0.3334873
 0.3339562  0.33387825 0.33408254 0.334398   0.33431438 0.33389404
 0.33406672 0.33453876 0.33519363 0.33440712 0.33549517 0.33511287
 0.3357232  0.33526272 0.3354287  0.33534694 0.3367716  0.3365203
 0.33557776 0.3362409  0.336292   0.33752197 0.33571148 0.33720988
 0.33729887 0.3370656  0.33670786 0.33872062 0.33651704 0.33784935
 0.3383822  0.33890986 0.33865196 0.3391916  0.33840573 0.3405437
 0.34066144 0.3390068  0.33987117 0.34058467 0.34125316 0.340631
 0.34167522 0.3418146  0.3415946  0.34116352 0.342151   0.34155953
 0.3428047  0.34262305 0.3420517  0.3423428  0.34221098 0.34305915
 0.34281474 0.34369662 0.3439374  0.34314516 0.34327635 0.3437905
 0.3434863  0.34347588 0.34330502 0.3435861  0.3438943  0.34258303
 0.34295142 0.34269798 0.3429333  0.3423865  0.34287623 0.34189048
 0.3425611  0.34257963 0.34185424 0.343003   0.34110272 0.3420271
 0.34083596 0.34126526 0.3410911  0.34079546 0.341137   0.33978602
 0.3406092  0.3400838  0.33986762 0.34021702 0.3404062  0.3384452
 0.3388921  0.338749   0.3387867  0.33808222 0.33842337 0.33848986
 0.3378958  0.33816683 0.3389977  0.33708742 0.33712807 0.336364
 0.33713952 0.33735222 0.3366434  0.33538744 0.33557284 0.33618844
 0.33595848 0.33591908 0.33690605 0.3355956  0.33545208 0.33554843
 0.33567688 0.3358236  0.33632162 0.33559388 0.3357901  0.3345561
 0.3358047  0.33627433 0.33561733 0.33567852 0.3352694  0.3361416
 0.3361587  0.3362848  0.33531427 0.33627772 0.33521628 0.33717987
 0.33628148 0.33671018 0.33677986 0.33543235 0.33678123 0.3370159
 0.33707935 0.33636385 0.33621454 0.33630309 0.33585724]

bohai_90_30_dm24_EA_snMoE_CrossGNN_ev_custom_ftM_sl90_ll48_pl30_dm24_nh8_el2_dl1_df64_fc1_ebtimeF_dtTrue_Exp_0_lr0.01_ngcn1_tgcn1_ood1_td1_nd1_lossweighted_layer2_scale4_hidden8_tk5_gh24  
mse:1.7343508005142212, mae:1.0311965942382812, rmse:1.31694757938385, rse:0.1563217043876648, corr:[0.3664611  0.36721033 0.36659968 0.36645928 0.36721042 0.36672637
 0.3669263  0.36665303 0.36622745 0.36613384 0.3662862  0.36668354
 0.36620304 0.3663166  0.36627144 0.3664201  0.3663551  0.36596656
 0.3663379  0.36537227 0.36473036 0.36456415 0.36470312 0.36411816
 0.36417696 0.36464378 0.36481538 0.3649164  0.36541858 0.36524832]

south_sea_90_30_dm24_EA_snMoE_CrossGNN_ev_custom_ftM_sl90_ll48_pl30_dm24_nh8_el2_dl1_df64_fc1_ebtimeF_dtTrue_Exp_0_lr0.01_ngcn1_tgcn1_ood1_td1_nd1_lossweighted_layer2_scale4_hidden8_tk5_gh24  
mse:0.5923947095870972, mae:0.5992239713668823, rmse:0.7696717977523804, rse:0.4214860796928406, corr:[0.29767236 0.29712477 0.29668805 0.29528603 0.293699   0.29255527
 0.29198253 0.2918953  0.29153904 0.29130208 0.2909581  0.29047242
 0.2901015  0.28933072 0.2882229  0.28734782 0.28709275 0.28691715
 0.28575373 0.28480977 0.2842061  0.28415316 0.28382662 0.28398848
 0.28439322 0.28495726 0.28486925 0.28444824 0.28393957 0.28412896]

bohai_90_90_dm24_EA_snMoE_CrossGNN_ev_custom_ftM_sl90_ll48_pl90_dm24_nh8_el2_dl1_df64_fc1_ebtimeF_dtTrue_Exp_0_lr0.01_ngcn1_tgcn1_ood1_td1_nd1_lossweighted_layer2_scale4_hidden8_tk5_gh24  
mse:1.7987340688705444, mae:1.064875602722168, rmse:1.3411688804626465, rse:0.15797173976898193, corr:[0.3635713  0.36369964 0.3637851  0.36386332 0.36391208 0.36390707
 0.3638859  0.36385244 0.3638232  0.3638065  0.36372074 0.36370125
 0.36364722 0.36358103 0.36348316 0.36336008 0.36325622 0.3631457
 0.36303446 0.36291716 0.36279544 0.36267254 0.36255556 0.36243236
 0.36231208 0.36216152 0.3620453  0.36194152 0.36179772 0.36161318
 0.36143512 0.3613378  0.36121577 0.36104968 0.3608971  0.36073893
 0.36060455 0.36047947 0.36036807 0.36022106 0.36008576 0.35997912
 0.35989285 0.35975277 0.3596633  0.35953236 0.35946438 0.3593648
 0.35928214 0.35921144 0.3591381  0.35911736 0.35907713 0.35905966
 0.35906067 0.3590677  0.35904375 0.35901955 0.35896608 0.35892037
 0.35890555 0.35892943 0.3589335  0.35898224 0.3590113  0.35904315
 0.3590981  0.359125   0.35916892 0.35926738 0.35936275 0.35946167
 0.35953438 0.35961375 0.35972908 0.35985523 0.35991722 0.3600523
 0.36016926 0.36028418 0.3604132  0.36058468 0.36070934 0.36085358
 0.3609926  0.36113974 0.36126652 0.3614306  0.36154938 0.36170402]

bohai_90_180_dm24_EA_snMoE_CrossGNN_ev_custom_ftM_sl90_ll48_pl180_dm24_nh8_el2_dl1_df64_fc1_ebtimeF_dtTrue_Exp_0_lr0.01_ngcn1_tgcn1_ood1_td1_nd1_lossweighted_layer2_scale4_hidden8_tk5_gh24  
mse:3.1781609058380127, mae:1.4291484355926514, rmse:1.7827397584915161, rse:0.20923973619937897, corr:[0.3539065  0.35361362 0.35372958 0.35347342 0.35351065 0.3537789
 0.354161   0.35415462 0.35394463 0.35444775 0.35421374 0.35428625
 0.35484484 0.35470593 0.35515657 0.3544951  0.35445789 0.35416564
 0.35446507 0.35398638 0.35407034 0.35320935 0.3530958  0.3537046
 0.35294154 0.3529345  0.353444   0.35337868 0.3531597  0.35336468
 0.35369822 0.35349125 0.35321993 0.35323244 0.35302097 0.35320532
 0.35290942 0.3535207  0.35276052 0.35323727 0.35315096 0.3534699
 0.3528226  0.3533481  0.35364786 0.35330814 0.35378444 0.35370204
 0.3543181  0.35344115 0.35397848 0.35424703 0.35358977 0.35389885
 0.35381597 0.35383394 0.35384178 0.354365   0.35405397 0.35395953
 0.35385883 0.35401487 0.3544984  0.35476166 0.3545749  0.35395163
 0.35459927 0.35510302 0.3543117  0.35502937 0.35503334 0.35498253
 0.35495868 0.3547943  0.35541537 0.35515362 0.3550524  0.35565388
 0.3555166  0.35578945 0.3554684  0.35626444 0.35516882 0.3554343
 0.3561989  0.35632193 0.35631892 0.35697204 0.35663226 0.35612133
 0.3567742  0.35689488 0.35630047 0.3565543  0.3554047  0.35589272
 0.35590824 0.3566263  0.35590667 0.3564579  0.35624808 0.35608286
 0.3562648  0.35622448 0.35622615 0.35582677 0.3564902  0.35535797
 0.355969   0.35557655 0.35559222 0.35578623 0.35577574 0.3557556
 0.35636616 0.3560218  0.3558188  0.356047   0.35558146 0.35571045
 0.35583583 0.35565063 0.35564226 0.35591534 0.35556552 0.35531437
 0.3554519  0.35517278 0.3552529  0.3554944  0.35535654 0.35575274
 0.35559887 0.35522723 0.3548632  0.3550345  0.35487643 0.35499913
 0.35468477 0.35463595 0.35349867 0.35382578 0.35382763 0.35381266
 0.3538207  0.35359803 0.35366806 0.35383096 0.35385308 0.3542776
 0.35421148 0.35411128 0.35401556 0.35408673 0.35416552 0.35476348
 0.35400206 0.3546812  0.35443735 0.35481125 0.35451418 0.35420412
 0.3546671  0.35459524 0.3540816  0.3542832  0.3546004  0.3542107
 0.35471508 0.35487342 0.35432518 0.35412905 0.35416546 0.35411277
 0.35350588 0.3540883  0.3536941  0.35401905 0.3545216  0.35435253]

south_sea_90_90_dm24_EA_snMoE_CrossGNN_ev_custom_ftM_sl90_ll48_pl90_dm24_nh8_el2_dl1_df64_fc1_ebtimeF_dtTrue_Exp_0_lr0.01_ngcn1_tgcn1_ood1_td1_nd1_lossweighted_layer2_scale4_hidden8_tk5_gh24  
mse:0.9738305807113647, mae:0.7759518027305603, rmse:0.9868285655975342, rse:0.5387263894081116, corr:[0.26715067 0.26700658 0.26226157 0.26192036 0.260339   0.26193687
 0.2651167  0.26470283 0.2648506  0.2629885  0.2653041  0.26441056
 0.26864308 0.2660645  0.26854026 0.26322392 0.2672604  0.26969507
 0.2674204  0.2693307  0.26897496 0.26849836 0.27350685 0.27186447
 0.27418083 0.27523795 0.28058758 0.2738208  0.2725375  0.27889216
 0.27747533 0.2752473  0.28353336 0.28375238 0.27576712 0.28497788
 0.28701326 0.2830502  0.28329077 0.2836634  0.2866985  0.2849031
 0.283844   0.28622836 0.28685486 0.28467768 0.28426456 0.2854793
 0.28650895 0.28596896 0.284172   0.2834734  0.28301564 0.28408173
 0.28269213 0.28234825 0.28285345 0.28126293 0.28111637 0.27736342
 0.27728102 0.275743   0.2762098  0.27377912 0.27417693 0.27488732
 0.27472627 0.26982307 0.26980326 0.26787356 0.26670045 0.26800787
 0.26390207 0.26486635 0.26109824 0.26170748 0.26056984 0.26042277
 0.26100674 0.2574437  0.25859952 0.25845194 0.2547346  0.25478312
 0.2554447  0.25091594 0.2539434  0.25231746 0.25157028 0.25118786]

bohai_90_30_ConvLSTM_grid_Custom_ftM_sl90_ll48_pl30_dm16_nh8_el2_dl1_df64_fc1_ebtimeF_dtTrue_Exp_0_lr0.01_ngcn1_tgcn1_ood1_td1_nd1_lossmse_layer2_scale4_hidden8_tk5_gh24  
mse:1.4959309101104736, mae:0.9387210607528687, rmse:1.2230825424194336, rse:0.14081011712551117, corr:[[0.36171207 0.36114287 0.36207825 0.36213645 0.3629185  0.3634649
  0.3637775  0.36379775 0.36359546 0.3636125  0.36370012 0.36373618
  0.3633433  0.36364785 0.3631621  0.36403784]
 [0.36148944 0.36101767 0.36217138 0.36226723 0.3631385  0.36372527
  0.3640595  0.36408293 0.36391345 0.3639519  0.3640107  0.36402687
  0.3636128  0.3639129  0.36338583 0.3644599 ]
 [0.36203003 0.36169615 0.3622856  0.36260402 0.36335716 0.36400443
  0.3643012  0.3642964  0.36407286 0.3640311  0.36410978 0.3640482
  0.36381412 0.3639192  0.36374944 0.36422074]
 [0.3622325  0.36215606 0.36293226 0.36316672 0.36384025 0.36437082
  0.36460754 0.36457187 0.36434412 0.3643149  0.3643997  0.36437106
  0.36410144 0.364219   0.3637406  0.36451903]
 [0.3623194  0.362079   0.36339042 0.36343145 0.36416534 0.36465263
  0.36488166 0.3648403  0.36461708 0.36460677 0.3646758  0.3646982
  0.36433783 0.36470312 0.3639652  0.36465266]
 [0.36318183 0.36287132 0.3637809  0.36398336 0.36468184 0.36525398
  0.36550525 0.36547223 0.3652476  0.36521727 0.3653031  0.36526006
  0.36504582 0.36517966 0.36470404 0.36535475]
 [0.3624482  0.3628006  0.36346743 0.36380905 0.36442614 0.364934
  0.36514053 0.3650987  0.36489394 0.36487272 0.3649604  0.3649191
  0.36474907 0.36470658 0.364393   0.36460745]
 [0.36257735 0.36291993 0.36391747 0.36411774 0.36474258 0.36523768
  0.36543685 0.36538473 0.36515033 0.36511305 0.3651879  0.3651796
  0.36496443 0.36516398 0.3646178  0.36465365]
 [0.3625119  0.36274573 0.36358494 0.36386558 0.36441574 0.36485234
  0.36501697 0.36494732 0.36468968 0.36462647 0.3646973  0.36467692
  0.36450583 0.36457872 0.36417583 0.36443418]
 [0.36306468 0.36340612 0.36432287 0.3645666  0.36512843 0.36555335
  0.3657186  0.36563155 0.3653566  0.36527932 0.36531842 0.36533603
  0.36513785 0.36528823 0.36463484 0.36518088]
 [0.36280555 0.3629991  0.36390296 0.36417484 0.364738   0.36520424
  0.36539108 0.36531943 0.36504894 0.3649479  0.3649674  0.36495575
  0.36478308 0.3649168  0.36444327 0.36496535]
 [0.3628485  0.36341524 0.3642023  0.36453632 0.36505365 0.36551693
  0.36567855 0.36559173 0.36531806 0.36520413 0.36523685 0.36521518
  0.36510485 0.36508766 0.36472827 0.36529052]
 [0.36338317 0.3638486  0.36469382 0.36496872 0.36554188 0.36608225
  0.36629513 0.36622477 0.36595032 0.36582664 0.36585534 0.3658174
  0.3657076  0.36579636 0.36543795 0.36538222]
 [0.3634922  0.36414656 0.36472294 0.36507636 0.36550906 0.36597946
  0.36615363 0.36607945 0.36581314 0.36569026 0.3657114  0.36566383
  0.36562082 0.3656438  0.365317   0.36526752]
 [0.36394775 0.36417457 0.36463684 0.3650234  0.3654637  0.36595526
  0.36614516 0.3660941  0.3658442  0.36571792 0.3657408  0.365669
  0.36566466 0.36561984 0.3656476  0.365201  ]
 [0.36332253 0.3638945  0.36438867 0.3647724  0.36519966 0.36562693
  0.3657903  0.3657144  0.36544308 0.3653027  0.3653023  0.36525077
  0.3652024  0.36519465 0.36511824 0.36507353]
 [0.36481494 0.36477974 0.36525428 0.36563262 0.36604226 0.36649165
  0.36666977 0.36659515 0.36633238 0.3661889  0.36616534 0.3661003
  0.3660958  0.3660694  0.3659746  0.36612105]
 [0.3641581  0.3645542  0.3648663  0.3652286  0.36558118 0.36602116
  0.36618915 0.36611938 0.3658504  0.3656985  0.3656991  0.3656366
  0.36567464 0.36560634 0.36566782 0.3656665 ]
 [0.3641101  0.36493737 0.36545187 0.36575398 0.36610618 0.36648995
  0.36663917 0.3665636  0.36630043 0.36616188 0.36614907 0.36611533
  0.36610582 0.36612254 0.36599883 0.36539704]
 [0.36458635 0.3649318  0.36528695 0.3656713  0.36603212 0.36642075
  0.36657584 0.36650717 0.36624303 0.36610052 0.36607486 0.36603165
  0.36605173 0.3659766  0.3661132  0.36622372]
 [0.36455145 0.36537924 0.3657472  0.36603826 0.36636215 0.36666244
  0.3667843  0.36668593 0.36642042 0.3662897  0.3662577  0.36626324
  0.36623275 0.3662758  0.3661081  0.36633682]
 [0.3650856  0.36508113 0.36536095 0.3656506  0.36600685 0.36638075
  0.36653545 0.36644968 0.36617035 0.36602935 0.3659987  0.36597922
  0.36598212 0.36594748 0.36580482 0.366285  ]
 [0.36480746 0.36513534 0.36549163 0.365792   0.36604398 0.36636534
  0.36648268 0.366396   0.36612242 0.36597836 0.36596087 0.3659419
  0.36599272 0.36597884 0.36587036 0.36596188]
 [0.36359444 0.364526   0.3649945  0.3651777  0.36545813 0.36573935
  0.36585808 0.36578006 0.3655266  0.36540398 0.36538237 0.36540705
  0.36539665 0.36551887 0.36543113 0.36508852]
 [0.36445174 0.36470366 0.36497796 0.36522758 0.36550316 0.36579406
  0.36590645 0.36581284 0.36555228 0.36543015 0.3654084  0.36543465
  0.36545074 0.36547908 0.3655322  0.3658599 ]
 [0.36490378 0.3652661  0.3654637  0.36574408 0.3659758  0.366219
  0.36632925 0.3662656  0.3660573  0.3659563  0.36594048 0.36597311
  0.36602256 0.36599365 0.36609778 0.36632964]
 [0.36493766 0.36496997 0.36515495 0.36535025 0.36558998 0.36582923
  0.36593074 0.36584923 0.3656108  0.36550167 0.36546844 0.3655059
  0.36555198 0.36560524 0.36570397 0.3664697 ]
 [0.36446193 0.36513227 0.36513358 0.3653412  0.36555088 0.3657633
  0.36585617 0.36577967 0.36554492 0.36542845 0.36541423 0.3654766
  0.36553904 0.3655599  0.3657768  0.3657494 ]
 [0.3651895  0.36559907 0.36549202 0.36577338 0.36594185 0.36609343
  0.36614433 0.36607048 0.3658804  0.36578688 0.3657891  0.36584786
  0.36591467 0.3659188  0.36630577 0.36649248]
 [0.36394146 0.36499998 0.3647841  0.36503017 0.3652187  0.36539254
  0.36544204 0.36535335 0.36512992 0.3650268  0.36502978 0.3650941
  0.36516544 0.3651486  0.36573294 0.36530998]]

bohai_90_30_FC_LSTM_ev_custom_ftM_sl90_ll48_pl30_dm16_nh8_el2_dl1_df64_fc1_ebtimeF_dtTrue_Exp_0_lr0.01_ngcn1_tgcn1_ood1_td1_nd1_lossmse_layer2_scale4_hidden8_tk5_gh24  
mse:2.1792654991149902, mae:1.0763792991638184, rmse:1.4762336015701294, rse:0.17522895336151123, corr:[0.36476642 0.3648598  0.36497337 0.36512256 0.36527148 0.3653975
 0.3655099  0.36565623 0.3659377  0.36616558 0.3663418  0.3665557
 0.3667336  0.3667928  0.3670544  0.36708912 0.36732885 0.3672687
 0.367524   0.36745495 0.36744744 0.36755642 0.36760774 0.36750364
 0.36756358 0.3674433  0.36726704 0.36731723 0.36696205 0.36692566]

bohai_90_90_FC_LSTM_ev_custom_ftM_sl90_ll48_pl90_dm16_nh8_el2_dl1_df64_fc1_ebtimeF_dtTrue_Exp_0_lr0.01_ngcn1_tgcn1_ood1_td1_nd1_lossmse_layer2_scale4_hidden8_tk5_gh24  
mse:2.8690123558044434, mae:1.2478697299957275, rmse:1.6938159465789795, rse:0.19950884580612183, corr:[0.36433545 0.36431777 0.36437178 0.36441866 0.364463   0.36447
 0.36454722 0.364605   0.36462083 0.36464158 0.36468664 0.3647124
 0.36477757 0.36479563 0.36477107 0.36480835 0.36481106 0.36476707
 0.36474547 0.36470675 0.36464846 0.36456278 0.3645362  0.36437836
 0.36429176 0.3641805  0.364098   0.36398315 0.36385408 0.3637231
 0.36357647 0.36343357 0.3632528  0.36306575 0.36285204 0.36264625
 0.3624129  0.362176   0.36195987 0.3617625  0.3614994  0.36127692
 0.36099917 0.3607162  0.36042362 0.36013848 0.35980093 0.3594613
 0.35914448 0.3588201  0.35853106 0.3582406  0.3579314  0.35762227
 0.3573117  0.35701564 0.35670292 0.3564201  0.3560963  0.3558176
 0.3555373  0.35522792 0.35495806 0.35470256 0.35444415 0.35420626
 0.3539549  0.35372406 0.35350406 0.3532567  0.35307857 0.35287958
 0.3527267  0.352564   0.3524094  0.35232306 0.35220712 0.3520742
 0.35202125 0.35197696 0.35196033 0.35194236 0.35196376 0.35190654
 0.35200173 0.35208532 0.35216337 0.3523226  0.35245505 0.3525999 ]

bohai_90_90_ConvLSTM_grid_Custom_ftM_sl90_ll48_pl90_dm16_nh8_el2_dl1_df64_fc1_ebtimeF_dtTrue_Exp_0_lr0.01_ngcn1_tgcn1_ood1_td1_nd1_lossmse_layer2_scale4_hidden8_tk5_gh24  
mse:2.0518198013305664, mae:1.1179358959197998, rmse:1.4324175119400024, rse:0.16359156370162964, corr:[[0.35902166 0.36106658 0.36131218 ... 0.36302492 0.36346892 0.36256155]
 [0.3593573  0.36129862 0.36175865 ... 0.36339438 0.3636128  0.36262146]
 [0.3597773  0.3613798  0.36193556 ... 0.36368087 0.36391243 0.3630172 ]
 ...
 [0.36006874 0.3610378  0.3609051  ... 0.36029723 0.36072448 0.36047518]
 [0.36040512 0.3614126  0.36125052 ... 0.3606231  0.36104777 0.3608623 ]
 [0.3600981  0.36145607 0.36142638 ... 0.36074877 0.36106113 0.3607113 ]]

bohai_90_180_FC_LSTM_ev_custom_ftM_sl90_ll48_pl180_dm16_nh8_el2_dl1_df64_fc1_ebtimeF_dtTrue_Exp_0_lr0.01_ngcn1_tgcn1_ood1_td1_nd1_lossmse_layer2_scale4_hidden8_tk5_gh24  
mse:3.5509254932403564, mae:1.4038022756576538, rmse:1.8843899965286255, rse:0.22117039561271667, corr:[0.35298076 0.3530836  0.35324818 0.35340086 0.3535302  0.35371208
 0.35386539 0.35403404 0.35422325 0.3543312  0.35457072 0.35468993
 0.35487428 0.35502353 0.35520718 0.3553044  0.35541907 0.35550177
 0.35562113 0.35574046 0.35581836 0.3558907  0.35589668 0.35598704
 0.35595185 0.35596123 0.35592544 0.35588786 0.3558474  0.3557333
 0.35568646 0.35558966 0.35553184 0.35544437 0.35529616 0.35512805
 0.35495704 0.35482454 0.35473332 0.35452232 0.35435188 0.35423312
 0.35405412 0.35386315 0.35365802 0.353465   0.35318378 0.352989
 0.35277066 0.35251242 0.352338   0.35211733 0.35197562 0.35176876
 0.35149142 0.35124946 0.35101992 0.3508185  0.35057494 0.35036922
 0.3501681  0.3499796  0.3498025  0.34959295 0.3494515  0.34924865
 0.34901866 0.3488644  0.34871075 0.34854358 0.34837878 0.3481965
 0.34805533 0.34793705 0.3478792  0.34776855 0.34772918 0.34762445
 0.34756434 0.347579   0.34754306 0.34749225 0.34745735 0.3474442
 0.34747425 0.34747005 0.3475525  0.3475976  0.3476492  0.34778258
 0.347885   0.34799445 0.3481766  0.34836635 0.3485454  0.34863982
 0.34886816 0.34910983 0.34938443 0.34958377 0.34990418 0.35008582
 0.35043493 0.3506599  0.3509899  0.3514063  0.35169798 0.35201716
 0.35238287 0.35260466 0.35289416 0.35316506 0.35352147 0.3537455
 0.3539924  0.3542736  0.35448244 0.35466465 0.3549302  0.35517016
 0.35531893 0.35550225 0.35569248 0.35584193 0.35596716 0.35611102
 0.35630152 0.35633445 0.35640758 0.35646984 0.35657188 0.35660124
 0.35666233 0.3566479  0.35666388 0.35659185 0.35658032 0.35649776
 0.3564242  0.35637707 0.3562676  0.35609996 0.3559854  0.35587063
 0.35567775 0.3555437  0.3554519  0.35529986 0.35511103 0.35497215
 0.35485676 0.35475665 0.35459036 0.3544689  0.35432306 0.35424888
 0.3540459  0.35392222 0.35371822 0.35366052 0.3535196  0.35344127
 0.35330716 0.353229   0.35314593 0.3530396  0.35297742 0.3528556
 0.35283038 0.35273388 0.3526296  0.35262874 0.35262448 0.35261974
 0.35256714 0.35258293 0.35256812 0.35255966 0.35258907 0.35262585]

bohai_90_180_ConvLSTM_grid_Custom_ftM_sl90_ll48_pl180_dm16_nh8_el2_dl1_df64_fc1_ebtimeF_dtTrue_Exp_0_lr0.01_ngcn1_tgcn1_ood1_td1_nd1_lossmse_layer2_scale4_hidden8_tk5_gh24  
mse:2.549699068069458, mae:1.2677745819091797, rmse:1.5967776775360107, rse:0.18163935840129852, corr:[[0.35475165 0.35516876 0.35414687 ... 0.35477746 0.35473773 0.35499465]
 [0.35439697 0.35488105 0.35409096 ... 0.35462895 0.354589   0.35427883]
 [0.35475853 0.3544182  0.35364205 ... 0.35416725 0.35403267 0.35487977]
 ...
 [0.35400027 0.35369858 0.35334083 ... 0.35229304 0.35215476 0.35289383]
 [0.3541324  0.35405335 0.35346285 ... 0.3526067  0.35240698 0.353177  ]
 [0.35438627 0.35478184 0.35408613 ... 0.3531981  0.35327792 0.35297602]]

bohai_90_365_ConvLSTM_grid_Custom_ftM_sl90_ll48_pl365_dm16_nh8_el2_dl1_df64_fc1_ebtimeF_dtTrue_Exp_0_lr0.01_ngcn1_tgcn1_ood1_td1_nd1_lossmse_layer2_scale4_hidden8_tk5_gh24  
mse:2.7793381214141846, mae:1.3193386793136597, rmse:1.6671347618103027, rse:0.18992991745471954, corr:[[0.33877215 0.33795828 0.33803087 ... 0.33888748 0.33880317 0.33939627]
 [0.3384522  0.33808577 0.33821544 ... 0.33937842 0.33895445 0.33955613]
 [0.33804968 0.33782053 0.33802155 ... 0.33881494 0.33863327 0.33881065]
 ...
 [0.33692434 0.3363524  0.33675173 ... 0.3374036  0.33732185 0.33771625]
 [0.33746785 0.33672348 0.33706543 ... 0.33794892 0.33771628 0.33826345]
 [0.3372073  0.33698466 0.33712202 ... 0.33815062 0.3378627  0.33822617]]

bohai_90_365_FC_LSTM_ev_custom_ftM_sl90_ll48_pl365_dm16_nh8_el2_dl1_df64_fc1_ebtimeF_dtTrue_Exp_0_lr0.01_ngcn1_tgcn1_ood1_td1_nd1_lossmse_layer2_scale4_hidden8_tk5_gh24  
mse:3.0143299102783203, mae:1.315093994140625, rmse:1.7361825704574585, rse:0.2042330652475357, corr:[0.3353349  0.33540946 0.3355341  0.33561435 0.33572963 0.33582562
 0.33597603 0.3360483  0.33616856 0.33625117 0.33638    0.3364832
 0.33660573 0.33671504 0.3368096  0.33688015 0.33697796 0.33702058
 0.33714142 0.337196   0.33723244 0.33730364 0.33736    0.337358
 0.33739075 0.3373539  0.33740383 0.33738017 0.3373791  0.33733806
 0.3372858  0.33725846 0.33718845 0.33711478 0.33704272 0.3369389
 0.33690083 0.3368283  0.3367487  0.33666468 0.33655936 0.33648
 0.3363883  0.3362389  0.33616024 0.3360502  0.33593318 0.3358006
 0.3356665  0.3355958  0.33547068 0.33536616 0.33528796 0.33517706
 0.3351088  0.3350152  0.33493844 0.33485085 0.33481663 0.3347591
 0.33469784 0.3346476  0.33459914 0.33456337 0.3345294  0.33450702
 0.3344625  0.33444554 0.33442006 0.33441043 0.33438763 0.3343784
 0.3343862  0.33436352 0.3343847  0.33439326 0.33440876 0.33446482
 0.33448336 0.33453745 0.3346243  0.33470252 0.33471835 0.33480692
 0.33488834 0.33498386 0.33504996 0.33515564 0.33525488 0.33539367
 0.33548793 0.33561194 0.3357056  0.33588812 0.3359962  0.33611834
 0.33622584 0.33642712 0.33655906 0.3366795  0.33680946 0.3369601
 0.33715546 0.33733493 0.33745876 0.33762074 0.337743   0.33793154
 0.33803624 0.33819392 0.3382614  0.3384154  0.338505   0.3385954
 0.33867836 0.33871764 0.33875594 0.33885917 0.33886844 0.33894375
 0.3390007  0.33895302 0.33901215 0.33900777 0.33900064 0.3390022
 0.3389526  0.33890307 0.33886665 0.33880037 0.33874926 0.33870262
 0.33859777 0.3384852  0.3383966  0.33834162 0.3382323  0.33809787
 0.3380146  0.33788875 0.33774847 0.33764377 0.33748707 0.33734912
 0.33721244 0.3370914  0.33696735 0.33687794 0.33674568 0.3366108
 0.33650818 0.3364314  0.33630002 0.3362252  0.33616084 0.33602917
 0.3359325  0.3358283  0.3356911  0.33560008 0.33551493 0.33547762
 0.33539084 0.3353573  0.33535895 0.33521816 0.3352201  0.33517355
 0.3350785  0.3350396  0.33494243 0.33485767 0.33490458 0.33485582
 0.33483684 0.33479568 0.33482215 0.33480385 0.33479178 0.33477455
 0.33476353 0.33478203 0.33483887 0.33483496 0.3348934  0.3349139
 0.33497626 0.33501095 0.33501998 0.33509612 0.33516696 0.33520398
 0.33530506 0.33534443 0.3354366  0.33550444 0.33554    0.33559963
 0.33564907 0.33565855 0.33573818 0.33575383 0.33580723 0.33582345
 0.33584532 0.33587775 0.33590573 0.3359561  0.33595467 0.33594516
 0.33587667 0.33582953 0.33575574 0.3356622  0.33559802 0.3355408
 0.3354951  0.3354541  0.33539176 0.33530307 0.33528236 0.33518177
 0.33516166 0.33508414 0.33503252 0.33495784 0.3349165  0.3348896
 0.33490488 0.3348456  0.33484325 0.33479357 0.334732   0.33470076
 0.3347163  0.33464447 0.33458635 0.33457255 0.33454272 0.33449215
 0.33444914 0.33442563 0.33440316 0.33439216 0.33436286 0.33441895
 0.33440772 0.3343983  0.3344221  0.33444056 0.3344593  0.3345197
 0.33450884 0.33453727 0.33458224 0.33460638 0.334633   0.3347067
 0.33475152 0.3347726  0.33485186 0.33492786 0.3349823  0.33504057
 0.33512878 0.33522785 0.33529818 0.33536547 0.33545676 0.33555642
 0.33564627 0.33575806 0.33586636 0.33595294 0.33602852 0.33614308
 0.33623713 0.33636928 0.33647528 0.336604   0.33671793 0.33682826
 0.33699313 0.33714956 0.33726284 0.33745113 0.3375924  0.33766863
 0.33786318 0.33798474 0.33818388 0.33828208 0.33846888 0.33857563
 0.3387466  0.3388609  0.3389653  0.3390695  0.33917442 0.3391994
 0.33930156 0.339364   0.3394501  0.33949456 0.33953616 0.33959907
 0.33957145 0.33965233 0.33961555 0.33964497 0.33962935 0.33962002
 0.33957076 0.33954144 0.33949396 0.33944225 0.33935565 0.33931118
 0.33920112 0.33912188 0.33900872 0.33888113 0.33874962 0.33863536
 0.33847556 0.33839694 0.33823475 0.3381047  0.33794028 0.33778298
 0.3376284  0.33745798 0.33726788 0.33714762 0.33700553 0.33686373
 0.33673272 0.33656543 0.33642825 0.33630797 0.3360998  0.33604437
 0.33590662 0.33579013 0.33565155 0.33559558 0.33547032 0.33539966
 0.33527958 0.33512822 0.33507323 0.33499762 0.33495295 0.33487403
 0.33490634 0.33483618 0.3348434  0.33478424 0.3347713  0.33474466
 0.33478674 0.3348402  0.3348402  0.33490482 0.33490196]

bohai_90_30_FC_LSTM_ev_custom_ftM_sl90_ll48_pl30_dm16_nh8_el2_dl1_df64_fc1_ebtimeF_dtTrue_Exp_0_lr0.01_ngcn1_tgcn1_ood1_td1_nd1_lossmse_layer2_scale4_hidden8_tk5_gh24  
mse:2.1792654991149902, mae:1.0763792991638184, rmse:1.4762336015701294, rse:0.17522895336151123, corr:[0.36476642 0.3648598  0.36497337 0.36512256 0.36527148 0.3653975
 0.3655099  0.36565623 0.3659377  0.36616558 0.3663418  0.3665557
 0.3667336  0.3667928  0.3670544  0.36708912 0.36732885 0.3672687
 0.367524   0.36745495 0.36744744 0.36755642 0.36760774 0.36750364
 0.36756358 0.3674433  0.36726704 0.36731723 0.36696205 0.36692566]

bohai_90_30_ConvLSTM_grid_Custom_ftM_sl90_ll48_pl30_dm16_nh8_el2_dl1_df64_fc1_ebtimeF_dtTrue_Exp_0_lr0.01_ngcn1_tgcn1_ood1_td1_nd1_lossmse_layer2_scale4_hidden8_tk5_gh24  
mse:1.4959309101104736, mae:0.9387210607528687, rmse:1.2230825424194336, rse:0.14081011712551117, corr:[[0.36171207 0.36114287 0.36207825 0.36213645 0.3629185  0.3634649
  0.3637775  0.36379775 0.36359546 0.3636125  0.36370012 0.36373618
  0.3633433  0.36364785 0.3631621  0.36403784]
 [0.36148944 0.36101767 0.36217138 0.36226723 0.3631385  0.36372527
  0.3640595  0.36408293 0.36391345 0.3639519  0.3640107  0.36402687
  0.3636128  0.3639129  0.36338583 0.3644599 ]
 [0.36203003 0.36169615 0.3622856  0.36260402 0.36335716 0.36400443
  0.3643012  0.3642964  0.36407286 0.3640311  0.36410978 0.3640482
  0.36381412 0.3639192  0.36374944 0.36422074]
 [0.3622325  0.36215606 0.36293226 0.36316672 0.36384025 0.36437082
  0.36460754 0.36457187 0.36434412 0.3643149  0.3643997  0.36437106
  0.36410144 0.364219   0.3637406  0.36451903]
 [0.3623194  0.362079   0.36339042 0.36343145 0.36416534 0.36465263
  0.36488166 0.3648403  0.36461708 0.36460677 0.3646758  0.3646982
  0.36433783 0.36470312 0.3639652  0.36465266]
 [0.36318183 0.36287132 0.3637809  0.36398336 0.36468184 0.36525398
  0.36550525 0.36547223 0.3652476  0.36521727 0.3653031  0.36526006
  0.36504582 0.36517966 0.36470404 0.36535475]
 [0.3624482  0.3628006  0.36346743 0.36380905 0.36442614 0.364934
  0.36514053 0.3650987  0.36489394 0.36487272 0.3649604  0.3649191
  0.36474907 0.36470658 0.364393   0.36460745]
 [0.36257735 0.36291993 0.36391747 0.36411774 0.36474258 0.36523768
  0.36543685 0.36538473 0.36515033 0.36511305 0.3651879  0.3651796
  0.36496443 0.36516398 0.3646178  0.36465365]
 [0.3625119  0.36274573 0.36358494 0.36386558 0.36441574 0.36485234
  0.36501697 0.36494732 0.36468968 0.36462647 0.3646973  0.36467692
  0.36450583 0.36457872 0.36417583 0.36443418]
 [0.36306468 0.36340612 0.36432287 0.3645666  0.36512843 0.36555335
  0.3657186  0.36563155 0.3653566  0.36527932 0.36531842 0.36533603
  0.36513785 0.36528823 0.36463484 0.36518088]
 [0.36280555 0.3629991  0.36390296 0.36417484 0.364738   0.36520424
  0.36539108 0.36531943 0.36504894 0.3649479  0.3649674  0.36495575
  0.36478308 0.3649168  0.36444327 0.36496535]
 [0.3628485  0.36341524 0.3642023  0.36453632 0.36505365 0.36551693
  0.36567855 0.36559173 0.36531806 0.36520413 0.36523685 0.36521518
  0.36510485 0.36508766 0.36472827 0.36529052]
 [0.36338317 0.3638486  0.36469382 0.36496872 0.36554188 0.36608225
  0.36629513 0.36622477 0.36595032 0.36582664 0.36585534 0.3658174
  0.3657076  0.36579636 0.36543795 0.36538222]
 [0.3634922  0.36414656 0.36472294 0.36507636 0.36550906 0.36597946
  0.36615363 0.36607945 0.36581314 0.36569026 0.3657114  0.36566383
  0.36562082 0.3656438  0.365317   0.36526752]
 [0.36394775 0.36417457 0.36463684 0.3650234  0.3654637  0.36595526
  0.36614516 0.3660941  0.3658442  0.36571792 0.3657408  0.365669
  0.36566466 0.36561984 0.3656476  0.365201  ]
 [0.36332253 0.3638945  0.36438867 0.3647724  0.36519966 0.36562693
  0.3657903  0.3657144  0.36544308 0.3653027  0.3653023  0.36525077
  0.3652024  0.36519465 0.36511824 0.36507353]
 [0.36481494 0.36477974 0.36525428 0.36563262 0.36604226 0.36649165
  0.36666977 0.36659515 0.36633238 0.3661889  0.36616534 0.3661003
  0.3660958  0.3660694  0.3659746  0.36612105]
 [0.3641581  0.3645542  0.3648663  0.3652286  0.36558118 0.36602116
  0.36618915 0.36611938 0.3658504  0.3656985  0.3656991  0.3656366
  0.36567464 0.36560634 0.36566782 0.3656665 ]
 [0.3641101  0.36493737 0.36545187 0.36575398 0.36610618 0.36648995
  0.36663917 0.3665636  0.36630043 0.36616188 0.36614907 0.36611533
  0.36610582 0.36612254 0.36599883 0.36539704]
 [0.36458635 0.3649318  0.36528695 0.3656713  0.36603212 0.36642075
  0.36657584 0.36650717 0.36624303 0.36610052 0.36607486 0.36603165
  0.36605173 0.3659766  0.3661132  0.36622372]
 [0.36455145 0.36537924 0.3657472  0.36603826 0.36636215 0.36666244
  0.3667843  0.36668593 0.36642042 0.3662897  0.3662577  0.36626324
  0.36623275 0.3662758  0.3661081  0.36633682]
 [0.3650856  0.36508113 0.36536095 0.3656506  0.36600685 0.36638075
  0.36653545 0.36644968 0.36617035 0.36602935 0.3659987  0.36597922
  0.36598212 0.36594748 0.36580482 0.366285  ]
 [0.36480746 0.36513534 0.36549163 0.365792   0.36604398 0.36636534
  0.36648268 0.366396   0.36612242 0.36597836 0.36596087 0.3659419
  0.36599272 0.36597884 0.36587036 0.36596188]
 [0.36359444 0.364526   0.3649945  0.3651777  0.36545813 0.36573935
  0.36585808 0.36578006 0.3655266  0.36540398 0.36538237 0.36540705
  0.36539665 0.36551887 0.36543113 0.36508852]
 [0.36445174 0.36470366 0.36497796 0.36522758 0.36550316 0.36579406
  0.36590645 0.36581284 0.36555228 0.36543015 0.3654084  0.36543465
  0.36545074 0.36547908 0.3655322  0.3658599 ]
 [0.36490378 0.3652661  0.3654637  0.36574408 0.3659758  0.366219
  0.36632925 0.3662656  0.3660573  0.3659563  0.36594048 0.36597311
  0.36602256 0.36599365 0.36609778 0.36632964]
 [0.36493766 0.36496997 0.36515495 0.36535025 0.36558998 0.36582923
  0.36593074 0.36584923 0.3656108  0.36550167 0.36546844 0.3655059
  0.36555198 0.36560524 0.36570397 0.3664697 ]
 [0.36446193 0.36513227 0.36513358 0.3653412  0.36555088 0.3657633
  0.36585617 0.36577967 0.36554492 0.36542845 0.36541423 0.3654766
  0.36553904 0.3655599  0.3657768  0.3657494 ]
 [0.3651895  0.36559907 0.36549202 0.36577338 0.36594185 0.36609343
  0.36614433 0.36607048 0.3658804  0.36578688 0.3657891  0.36584786
  0.36591467 0.3659188  0.36630577 0.36649248]
 [0.36394146 0.36499998 0.3647841  0.36503017 0.3652187  0.36539254
  0.36544204 0.36535335 0.36512992 0.3650268  0.36502978 0.3650941
  0.36516544 0.3651486  0.36573294 0.36530998]]

bohai_90_90_FC_LSTM_ev_custom_ftM_sl90_ll48_pl90_dm16_nh8_el2_dl1_df64_fc1_ebtimeF_dtTrue_Exp_0_lr0.01_ngcn1_tgcn1_ood1_td1_nd1_lossmse_layer2_scale4_hidden8_tk5_gh24  
mse:2.8690123558044434, mae:1.2478697299957275, rmse:1.6938159465789795, rse:0.19950884580612183, corr:[0.36433545 0.36431777 0.36437178 0.36441866 0.364463   0.36447
 0.36454722 0.364605   0.36462083 0.36464158 0.36468664 0.3647124
 0.36477757 0.36479563 0.36477107 0.36480835 0.36481106 0.36476707
 0.36474547 0.36470675 0.36464846 0.36456278 0.3645362  0.36437836
 0.36429176 0.3641805  0.364098   0.36398315 0.36385408 0.3637231
 0.36357647 0.36343357 0.3632528  0.36306575 0.36285204 0.36264625
 0.3624129  0.362176   0.36195987 0.3617625  0.3614994  0.36127692
 0.36099917 0.3607162  0.36042362 0.36013848 0.35980093 0.3594613
 0.35914448 0.3588201  0.35853106 0.3582406  0.3579314  0.35762227
 0.3573117  0.35701564 0.35670292 0.3564201  0.3560963  0.3558176
 0.3555373  0.35522792 0.35495806 0.35470256 0.35444415 0.35420626
 0.3539549  0.35372406 0.35350406 0.3532567  0.35307857 0.35287958
 0.3527267  0.352564   0.3524094  0.35232306 0.35220712 0.3520742
 0.35202125 0.35197696 0.35196033 0.35194236 0.35196376 0.35190654
 0.35200173 0.35208532 0.35216337 0.3523226  0.35245505 0.3525999 ]

bohai_90_90_ConvLSTM_grid_Custom_ftM_sl90_ll48_pl90_dm16_nh8_el2_dl1_df64_fc1_ebtimeF_dtTrue_Exp_0_lr0.01_ngcn1_tgcn1_ood1_td1_nd1_lossmse_layer2_scale4_hidden8_tk5_gh24  
mse:2.0518198013305664, mae:1.1179358959197998, rmse:1.4324175119400024, rse:0.16359156370162964, corr:[[0.35902166 0.36106658 0.36131218 ... 0.36302492 0.36346892 0.36256155]
 [0.3593573  0.36129862 0.36175865 ... 0.36339438 0.3636128  0.36262146]
 [0.3597773  0.3613798  0.36193556 ... 0.36368087 0.36391243 0.3630172 ]
 ...
 [0.36006874 0.3610378  0.3609051  ... 0.36029723 0.36072448 0.36047518]
 [0.36040512 0.3614126  0.36125052 ... 0.3606231  0.36104777 0.3608623 ]
 [0.3600981  0.36145607 0.36142638 ... 0.36074877 0.36106113 0.3607113 ]]

bohai_90_180_FC_LSTM_ev_custom_ftM_sl90_ll48_pl180_dm16_nh8_el2_dl1_df64_fc1_ebtimeF_dtTrue_Exp_0_lr0.01_ngcn1_tgcn1_ood1_td1_nd1_lossmse_layer2_scale4_hidden8_tk5_gh24  
mse:3.5509254932403564, mae:1.4038022756576538, rmse:1.8843899965286255, rse:0.22117039561271667, corr:[0.35298076 0.3530836  0.35324818 0.35340086 0.3535302  0.35371208
 0.35386539 0.35403404 0.35422325 0.3543312  0.35457072 0.35468993
 0.35487428 0.35502353 0.35520718 0.3553044  0.35541907 0.35550177
 0.35562113 0.35574046 0.35581836 0.3558907  0.35589668 0.35598704
 0.35595185 0.35596123 0.35592544 0.35588786 0.3558474  0.3557333
 0.35568646 0.35558966 0.35553184 0.35544437 0.35529616 0.35512805
 0.35495704 0.35482454 0.35473332 0.35452232 0.35435188 0.35423312
 0.35405412 0.35386315 0.35365802 0.353465   0.35318378 0.352989
 0.35277066 0.35251242 0.352338   0.35211733 0.35197562 0.35176876
 0.35149142 0.35124946 0.35101992 0.3508185  0.35057494 0.35036922
 0.3501681  0.3499796  0.3498025  0.34959295 0.3494515  0.34924865
 0.34901866 0.3488644  0.34871075 0.34854358 0.34837878 0.3481965
 0.34805533 0.34793705 0.3478792  0.34776855 0.34772918 0.34762445
 0.34756434 0.347579   0.34754306 0.34749225 0.34745735 0.3474442
 0.34747425 0.34747005 0.3475525  0.3475976  0.3476492  0.34778258
 0.347885   0.34799445 0.3481766  0.34836635 0.3485454  0.34863982
 0.34886816 0.34910983 0.34938443 0.34958377 0.34990418 0.35008582
 0.35043493 0.3506599  0.3509899  0.3514063  0.35169798 0.35201716
 0.35238287 0.35260466 0.35289416 0.35316506 0.35352147 0.3537455
 0.3539924  0.3542736  0.35448244 0.35466465 0.3549302  0.35517016
 0.35531893 0.35550225 0.35569248 0.35584193 0.35596716 0.35611102
 0.35630152 0.35633445 0.35640758 0.35646984 0.35657188 0.35660124
 0.35666233 0.3566479  0.35666388 0.35659185 0.35658032 0.35649776
 0.3564242  0.35637707 0.3562676  0.35609996 0.3559854  0.35587063
 0.35567775 0.3555437  0.3554519  0.35529986 0.35511103 0.35497215
 0.35485676 0.35475665 0.35459036 0.3544689  0.35432306 0.35424888
 0.3540459  0.35392222 0.35371822 0.35366052 0.3535196  0.35344127
 0.35330716 0.353229   0.35314593 0.3530396  0.35297742 0.3528556
 0.35283038 0.35273388 0.3526296  0.35262874 0.35262448 0.35261974
 0.35256714 0.35258293 0.35256812 0.35255966 0.35258907 0.35262585]

bohai_90_180_ConvLSTM_grid_Custom_ftM_sl90_ll48_pl180_dm16_nh8_el2_dl1_df64_fc1_ebtimeF_dtTrue_Exp_0_lr0.01_ngcn1_tgcn1_ood1_td1_nd1_lossmse_layer2_scale4_hidden8_tk5_gh24  
mse:2.549699068069458, mae:1.2677745819091797, rmse:1.5967776775360107, rse:0.18163935840129852, corr:[[0.35475165 0.35516876 0.35414687 ... 0.35477746 0.35473773 0.35499465]
 [0.35439697 0.35488105 0.35409096 ... 0.35462895 0.354589   0.35427883]
 [0.35475853 0.3544182  0.35364205 ... 0.35416725 0.35403267 0.35487977]
 ...
 [0.35400027 0.35369858 0.35334083 ... 0.35229304 0.35215476 0.35289383]
 [0.3541324  0.35405335 0.35346285 ... 0.3526067  0.35240698 0.353177  ]
 [0.35438627 0.35478184 0.35408613 ... 0.3531981  0.35327792 0.35297602]]

bohai_90_365_ConvLSTM_grid_Custom_ftM_sl90_ll48_pl365_dm16_nh8_el2_dl1_df64_fc1_ebtimeF_dtTrue_Exp_0_lr0.01_ngcn1_tgcn1_ood1_td1_nd1_lossmse_layer2_scale4_hidden8_tk5_gh24  
mse:2.7793381214141846, mae:1.3193386793136597, rmse:1.6671347618103027, rse:0.18992991745471954, corr:[[0.33877215 0.33795828 0.33803087 ... 0.33888748 0.33880317 0.33939627]
 [0.3384522  0.33808577 0.33821544 ... 0.33937842 0.33895445 0.33955613]
 [0.33804968 0.33782053 0.33802155 ... 0.33881494 0.33863327 0.33881065]
 ...
 [0.33692434 0.3363524  0.33675173 ... 0.3374036  0.33732185 0.33771625]
 [0.33746785 0.33672348 0.33706543 ... 0.33794892 0.33771628 0.33826345]
 [0.3372073  0.33698466 0.33712202 ... 0.33815062 0.3378627  0.33822617]]

bohai_90_365_FC_LSTM_ev_custom_ftM_sl90_ll48_pl365_dm16_nh8_el2_dl1_df64_fc1_ebtimeF_dtTrue_Exp_0_lr0.01_ngcn1_tgcn1_ood1_td1_nd1_lossmse_layer2_scale4_hidden8_tk5_gh24  
mse:3.0143299102783203, mae:1.315093994140625, rmse:1.7361825704574585, rse:0.2042330652475357, corr:[0.3353349  0.33540946 0.3355341  0.33561435 0.33572963 0.33582562
 0.33597603 0.3360483  0.33616856 0.33625117 0.33638    0.3364832
 0.33660573 0.33671504 0.3368096  0.33688015 0.33697796 0.33702058
 0.33714142 0.337196   0.33723244 0.33730364 0.33736    0.337358
 0.33739075 0.3373539  0.33740383 0.33738017 0.3373791  0.33733806
 0.3372858  0.33725846 0.33718845 0.33711478 0.33704272 0.3369389
 0.33690083 0.3368283  0.3367487  0.33666468 0.33655936 0.33648
 0.3363883  0.3362389  0.33616024 0.3360502  0.33593318 0.3358006
 0.3356665  0.3355958  0.33547068 0.33536616 0.33528796 0.33517706
 0.3351088  0.3350152  0.33493844 0.33485085 0.33481663 0.3347591
 0.33469784 0.3346476  0.33459914 0.33456337 0.3345294  0.33450702
 0.3344625  0.33444554 0.33442006 0.33441043 0.33438763 0.3343784
 0.3343862  0.33436352 0.3343847  0.33439326 0.33440876 0.33446482
 0.33448336 0.33453745 0.3346243  0.33470252 0.33471835 0.33480692
 0.33488834 0.33498386 0.33504996 0.33515564 0.33525488 0.33539367
 0.33548793 0.33561194 0.3357056  0.33588812 0.3359962  0.33611834
 0.33622584 0.33642712 0.33655906 0.3366795  0.33680946 0.3369601
 0.33715546 0.33733493 0.33745876 0.33762074 0.337743   0.33793154
 0.33803624 0.33819392 0.3382614  0.3384154  0.338505   0.3385954
 0.33867836 0.33871764 0.33875594 0.33885917 0.33886844 0.33894375
 0.3390007  0.33895302 0.33901215 0.33900777 0.33900064 0.3390022
 0.3389526  0.33890307 0.33886665 0.33880037 0.33874926 0.33870262
 0.33859777 0.3384852  0.3383966  0.33834162 0.3382323  0.33809787
 0.3380146  0.33788875 0.33774847 0.33764377 0.33748707 0.33734912
 0.33721244 0.3370914  0.33696735 0.33687794 0.33674568 0.3366108
 0.33650818 0.3364314  0.33630002 0.3362252  0.33616084 0.33602917
 0.3359325  0.3358283  0.3356911  0.33560008 0.33551493 0.33547762
 0.33539084 0.3353573  0.33535895 0.33521816 0.3352201  0.33517355
 0.3350785  0.3350396  0.33494243 0.33485767 0.33490458 0.33485582
 0.33483684 0.33479568 0.33482215 0.33480385 0.33479178 0.33477455
 0.33476353 0.33478203 0.33483887 0.33483496 0.3348934  0.3349139
 0.33497626 0.33501095 0.33501998 0.33509612 0.33516696 0.33520398
 0.33530506 0.33534443 0.3354366  0.33550444 0.33554    0.33559963
 0.33564907 0.33565855 0.33573818 0.33575383 0.33580723 0.33582345
 0.33584532 0.33587775 0.33590573 0.3359561  0.33595467 0.33594516
 0.33587667 0.33582953 0.33575574 0.3356622  0.33559802 0.3355408
 0.3354951  0.3354541  0.33539176 0.33530307 0.33528236 0.33518177
 0.33516166 0.33508414 0.33503252 0.33495784 0.3349165  0.3348896
 0.33490488 0.3348456  0.33484325 0.33479357 0.334732   0.33470076
 0.3347163  0.33464447 0.33458635 0.33457255 0.33454272 0.33449215
 0.33444914 0.33442563 0.33440316 0.33439216 0.33436286 0.33441895
 0.33440772 0.3343983  0.3344221  0.33444056 0.3344593  0.3345197
 0.33450884 0.33453727 0.33458224 0.33460638 0.334633   0.3347067
 0.33475152 0.3347726  0.33485186 0.33492786 0.3349823  0.33504057
 0.33512878 0.33522785 0.33529818 0.33536547 0.33545676 0.33555642
 0.33564627 0.33575806 0.33586636 0.33595294 0.33602852 0.33614308
 0.33623713 0.33636928 0.33647528 0.336604   0.33671793 0.33682826
 0.33699313 0.33714956 0.33726284 0.33745113 0.3375924  0.33766863
 0.33786318 0.33798474 0.33818388 0.33828208 0.33846888 0.33857563
 0.3387466  0.3388609  0.3389653  0.3390695  0.33917442 0.3391994
 0.33930156 0.339364   0.3394501  0.33949456 0.33953616 0.33959907
 0.33957145 0.33965233 0.33961555 0.33964497 0.33962935 0.33962002
 0.33957076 0.33954144 0.33949396 0.33944225 0.33935565 0.33931118
 0.33920112 0.33912188 0.33900872 0.33888113 0.33874962 0.33863536
 0.33847556 0.33839694 0.33823475 0.3381047  0.33794028 0.33778298
 0.3376284  0.33745798 0.33726788 0.33714762 0.33700553 0.33686373
 0.33673272 0.33656543 0.33642825 0.33630797 0.3360998  0.33604437
 0.33590662 0.33579013 0.33565155 0.33559558 0.33547032 0.33539966
 0.33527958 0.33512822 0.33507323 0.33499762 0.33495295 0.33487403
 0.33490634 0.33483618 0.3348434  0.33478424 0.3347713  0.33474466
 0.33478674 0.3348402  0.3348402  0.33490482 0.33490196]

bohai_90_30_dm24_EA_CrossGNN_ev_custom_ftM_sl90_ll48_pl30_dm24_nh8_el2_dl1_df64_fc1_ebtimeF_dtTrue_Exp_0_lr0.01_ngcn1_tgcn1_ood1_td1_nd1_lossmse_layer2_scale4_hidden8_tk5_gh5  
mse:1.291900873184204, mae:0.8528294563293457, rmse:1.1366181373596191, rse:0.13491660356521606, corr:[0.36155146 0.36203882 0.36239937 0.3626887  0.3627859  0.36297515
 0.36304903 0.36309236 0.36322963 0.3633031  0.3634607  0.36352533
 0.3635495  0.36357892 0.36359704 0.36356303 0.3635922  0.36357272
 0.36360937 0.36361733 0.36359912 0.36357093 0.36351502 0.3634154
 0.36329094 0.36322525 0.36317143 0.3630897  0.3630651  0.36299554]

bohai_90_30_dm24_CrossGNN_ev_custom_ftM_sl90_ll48_pl30_dm24_nh8_el2_dl1_df64_fc1_ebtimeF_dtTrue_Exp_0_lr0.01_ngcn1_tgcn1_ood1_td1_nd1_lossmse_layer2_scale4_hidden8_tk5_gh5  
mse:1.7152475118637085, mae:0.950223445892334, rmse:1.309674620628357, rse:0.15545839071273804, corr:[0.3609978  0.36079994 0.36061516 0.3604677  0.36033884 0.36025077
 0.36017412 0.36009353 0.36000267 0.35992548 0.35985762 0.35979727
 0.35978577 0.35981122 0.35985655 0.359872   0.35988414 0.35993353
 0.36002493 0.36014915 0.3602589  0.36035284 0.36046758 0.36061388
 0.36077976 0.36092648 0.3610522  0.36117846 0.3613189  0.36147347]

bohai_90_90_dm24_EA_CrossGNN_ev_custom_ftM_sl90_ll48_pl90_dm24_nh8_el2_dl1_df64_fc1_ebtimeF_dtTrue_Exp_0_lr0.01_ngcn1_tgcn1_ood1_td1_nd1_lossmse_layer2_scale4_hidden8_tk5_gh5  
mse:2.921584367752075, mae:1.2861974239349365, rmse:1.7092642784118652, rse:0.20132845640182495, corr:[0.35922092 0.35963255 0.3597542  0.35968497 0.3596457  0.3597137
 0.3597384  0.35979    0.35979795 0.35974255 0.35972962 0.35986328
 0.359984   0.36000648 0.35998356 0.35999763 0.36003947 0.35999218
 0.35998622 0.36012688 0.3601931  0.36030054 0.36034232 0.360307
 0.36034912 0.36036152 0.36040702 0.36040047 0.3604433  0.36044127
 0.36055624 0.36059397 0.36067104 0.36084834 0.3610371  0.36108404
 0.36110216 0.36109126 0.3611207  0.36119595 0.36116832 0.36129817
 0.3615234  0.36162117 0.3616912  0.36176494 0.36170858 0.3617489
 0.36178672 0.36162513 0.3616453  0.36159283 0.36163896 0.36158893
 0.36148363 0.3614083  0.36127007 0.36104313 0.36102343 0.36091653
 0.36072674 0.36055905 0.3604812  0.3602636  0.36003593 0.35969707
 0.35957026 0.35933888 0.35910136 0.3588936  0.35869697 0.35838714
 0.358161   0.35781878 0.35748664 0.35704476 0.3569115  0.35663813
 0.3562674  0.35601428 0.35584873 0.35548878 0.35518926 0.35487345
 0.3547817  0.35440525 0.3544801  0.3540191  0.35369685 0.35359737]

bohai_90_90_dm24_CrossGNN_ev_custom_ftM_sl90_ll48_pl90_dm24_nh8_el2_dl1_df64_fc1_ebtimeF_dtTrue_Exp_0_lr0.01_ngcn1_tgcn1_ood1_td1_nd1_lossmse_layer2_scale4_hidden8_tk5_gh5  
mse:4.905745983123779, mae:1.5625630617141724, rmse:2.2148919105529785, rse:0.2608846426010132, corr:[0.3591835  0.35900608 0.35896906 0.3588042  0.3586102  0.3584767
 0.35834938 0.3583475  0.35824808 0.35812104 0.358006   0.35791442
 0.35785282 0.35781685 0.35778782 0.3577373  0.35769275 0.35765076
 0.3576279  0.35762262 0.35760203 0.3575817  0.35757083 0.3575692
 0.35760185 0.35760567 0.35761523 0.35766712 0.35774723 0.3578184
 0.35790667 0.3579618  0.35799232 0.35806218 0.35813838 0.35823834
 0.35835063 0.35847107 0.35862216 0.3588134  0.3590505  0.3593119
 0.3595602  0.3597526  0.3599738  0.36022514 0.36048117 0.3607556
 0.3610429  0.361298   0.3614844  0.36169288 0.36186427 0.36205253
 0.36229208 0.36250708 0.36273855 0.3629179  0.36313742 0.3633179
 0.3634266  0.36351234 0.36361626 0.36371857 0.3638091  0.36384773
 0.36383858 0.3638059  0.36375582 0.36369386 0.36357978 0.36341122
 0.36318427 0.36290804 0.36263308 0.36230403 0.36188847 0.3614516
 0.3609644  0.36046395 0.35996562 0.35945582 0.35888195 0.35821804
 0.3575257  0.3568876  0.3562486  0.3556151  0.354964   0.35431594]

bohai_90_180_dm24_EA_CrossGNN_ev_custom_ftM_sl90_ll48_pl180_dm24_nh8_el2_dl1_df64_fc1_ebtimeF_dtTrue_Exp_0_lr0.01_ngcn1_tgcn1_ood1_td1_nd1_lossmse_layer2_scale4_hidden8_tk5_gh5  
mse:3.730222225189209, mae:1.4949475526809692, rmse:1.9313783645629883, rse:0.22668540477752686, corr:[0.3491379  0.34901378 0.34998176 0.35039595 0.35078174 0.35050812
 0.35079196 0.35089287 0.351565   0.3519492  0.35207543 0.35231024
 0.35292044 0.3533205  0.35370213 0.35363877 0.3532096  0.3530398
 0.35295513 0.3529557  0.3531467  0.35292783 0.35293096 0.3530186
 0.3529313  0.35271078 0.35247383 0.3523845  0.35231262 0.352196
 0.3520155  0.35184526 0.35175    0.351639   0.35158283 0.35162017
 0.35136262 0.35119286 0.35125554 0.35117236 0.35107353 0.35091013
 0.35092276 0.35085467 0.3508179  0.35102013 0.3511868  0.35080996
 0.3506973  0.3506951  0.35066763 0.35116848 0.3511633  0.35096398
 0.35134867 0.35122535 0.35089123 0.3507892  0.35052112 0.3510683
 0.35154977 0.35165092 0.35130847 0.3512781  0.35143036 0.35144702
 0.35171688 0.35186037 0.35187098 0.35199425 0.35210326 0.3520601
 0.35210302 0.35204852 0.3523557  0.3524497  0.35249075 0.3526108
 0.35270008 0.35263205 0.35274303 0.35271063 0.35284415 0.3529471
 0.35296923 0.35299778 0.35308948 0.3532128  0.35331643 0.35340178
 0.35348505 0.3535677  0.35364226 0.3536956  0.35381374 0.35395852
 0.35399586 0.354071   0.35424498 0.35445452 0.35465342 0.35457098
 0.35443476 0.35424182 0.35420036 0.3538885  0.35373586 0.35404438
 0.35429385 0.3544639  0.35442677 0.35417536 0.3541549  0.35404962
 0.3539969  0.35437155 0.35430416 0.35424247 0.35418093 0.35419562
 0.3543229  0.35416418 0.35454372 0.35472557 0.3545974  0.3543563
 0.35430637 0.3541282  0.35434985 0.3544147  0.35434017 0.35415152
 0.35410112 0.35419598 0.35420677 0.35429797 0.3542988  0.3540259
 0.35390422 0.35378486 0.3534955  0.35339084 0.3533024  0.35315463
 0.35299358 0.35290316 0.35280818 0.35261947 0.35242778 0.35227072
 0.35211113 0.3519462  0.35182682 0.3516996  0.35154518 0.35143116
 0.35128185 0.3511233  0.350907   0.35077208 0.35056728 0.35037795
 0.35025123 0.35031486 0.35047674 0.35037148 0.3504342  0.35052553
 0.35028788 0.35034853 0.3503603  0.3505364  0.35048634 0.35041586
 0.35019886 0.3503673  0.35043368 0.35058314 0.3508651  0.3509811 ]

bohai_90_30_dm24_EA_snMoE_CrossGNN_ev_custom_ftM_sl90_ll48_pl30_dm24_nh8_el2_dl1_df64_fc1_ebtimeF_dtTrue_Exp_0_lr0.01_ngcn1_tgcn1_ood1_td1_nd1_lossweighted_layer2_scale4_hidden8_tk5_gh24  
mse:1.723705768585205, mae:1.0284942388534546, rmse:1.3128997087478638, rse:0.15584123134613037, corr:[0.36747038 0.3674494  0.3673894  0.36772308 0.36665553 0.3667758
 0.36680114 0.36727318 0.36629328 0.36672777 0.36708033 0.3669018
 0.36663973 0.36628443 0.3666498  0.36702734 0.36718085 0.36818385
 0.3677291  0.36756414 0.36729228 0.36860254 0.36700717 0.3675208
 0.36733913 0.3677268  0.36763886 0.3678595  0.36767802 0.36790797]

bohai_90_180_dm24_CrossGNN_ev_custom_ftM_sl90_ll48_pl180_dm24_nh8_el2_dl1_df64_fc1_ebtimeF_dtTrue_Exp_0_lr0.01_ngcn1_tgcn1_ood1_td1_nd1_lossmse_layer2_scale4_hidden8_tk5_gh5  
mse:9.877448081970215, mae:2.2532942295074463, rmse:3.14284086227417, rse:0.3688744604587555, corr:[0.34809062 0.34740606 0.34746295 0.34768593 0.34845698 0.34860057
 0.3480512  0.34818655 0.34826893 0.34795964 0.34787875 0.34752318
 0.34743816 0.3476872  0.34781018 0.34792322 0.34821045 0.34819075
 0.34824485 0.3484199  0.3487011  0.34882262 0.34901708 0.34929687
 0.3496935  0.3501192  0.3505267  0.35059956 0.35055172 0.35089305
 0.35129404 0.35144472 0.35174704 0.35169333 0.3521851  0.35274088
 0.35251153 0.3526029  0.3532924  0.35371146 0.35430908 0.35496143
 0.35503545 0.35506403 0.35537726 0.35569304 0.35605296 0.3565844
 0.35665247 0.35673958 0.3573087  0.35753557 0.35718894 0.3571697
 0.357414   0.35762286 0.3577981  0.35804543 0.35797092 0.35794562
 0.35806426 0.35797206 0.35779658 0.35770696 0.35749933 0.35706934
 0.35691267 0.3565267  0.3560576  0.355762   0.3554809  0.35493582
 0.35432848 0.35381106 0.35351902 0.35284367 0.35212728 0.3514042
 0.35068575 0.3498125  0.34923735 0.34866843 0.3479331  0.34726498
 0.34666958 0.3456495  0.34471443 0.34397867 0.34295192 0.34208223
 0.34109282 0.340098   0.3389378  0.33815974 0.33727294 0.33627218
 0.3354858  0.33487514 0.33415905 0.3332719  0.332535   0.3315023
 0.3305015  0.32944432 0.32850948 0.3274912  0.32699153 0.32633346
 0.3257965  0.32549202 0.3251553  0.32442364 0.32399708 0.3236218
 0.32333744 0.323108   0.32282916 0.3228455  0.32270485 0.3225994
 0.32248706 0.32226288 0.32203174 0.32217678 0.32261482 0.322806
 0.32306957 0.323384   0.32376647 0.32387045 0.32384884 0.32414153
 0.324421   0.32485798 0.32537663 0.32577518 0.32594082 0.32625362
 0.3264222  0.32687792 0.3274603  0.32795244 0.32861578 0.32905537
 0.32950372 0.3302185  0.33096504 0.33148718 0.332232   0.333025
 0.333926   0.33439624 0.33482727 0.33552715 0.33646077 0.3372864
 0.33800375 0.3385517  0.33916134 0.33980343 0.34047297 0.34114814
 0.3416504  0.3424966  0.343047   0.34341148 0.34392023 0.3443978
 0.34501797 0.34581655 0.34663874 0.34741402 0.3479015  0.34821367
 0.3483989  0.34886053 0.34895998 0.34903952 0.349233   0.34956908]

bohai_90_365_dm24_EA_CrossGNN_ev_custom_ftM_sl90_ll48_pl365_dm24_nh8_el2_dl1_df64_fc1_ebtimeF_dtTrue_Exp_0_lr0.01_ngcn1_tgcn1_ood1_td1_nd1_lossmse_layer2_scale4_hidden8_tk5_gh5  
mse:2.498685359954834, mae:1.227354884147644, rmse:1.5807230472564697, rse:0.18594585359096527, corr:[0.3329922  0.33333912 0.3336048  0.33382106 0.33397487 0.3341617
 0.33435443 0.3344969  0.33460873 0.33471397 0.33484688 0.33494404
 0.33503246 0.3351224  0.3351845  0.33520824 0.335209   0.3352555
 0.33530134 0.3353377  0.33538264 0.3354078  0.33542758 0.33544165
 0.33545017 0.3354382  0.33541843 0.33542994 0.33543736 0.33542776
 0.33542538 0.33545044 0.33548126 0.3355321  0.3355734  0.3356258
 0.33572707 0.33583766 0.3359194  0.33597872 0.33604026 0.33613643
 0.33620533 0.3362584  0.3362983  0.33634448 0.3364377  0.33653817
 0.33662623 0.3367265  0.3367946  0.3368585  0.3369443  0.3370667
 0.33716723 0.33726367 0.33736643 0.33750358 0.3376388  0.3377678
 0.3379058  0.33802283 0.33812237 0.33822474 0.3383175  0.33841234
 0.33851886 0.33860636 0.3386705  0.33872253 0.33877215 0.33880663
 0.33883998 0.33888435 0.33893374 0.33895382 0.33897984 0.33898845
 0.33902657 0.33908793 0.3391229  0.33911675 0.3390941  0.3390938
 0.33909282 0.3390919  0.33908358 0.33908883 0.33907863 0.33905077
 0.33902672 0.33898836 0.33894497 0.33887234 0.33881253 0.33874747
 0.33868983 0.33859578 0.33847827 0.33837166 0.3382867  0.33819935
 0.33809406 0.33799595 0.33789605 0.33777034 0.33766314 0.33755022
 0.33744615 0.33734035 0.33721057 0.33707824 0.3369689  0.33684573
 0.33669093 0.33657187 0.33648276 0.33636984 0.33625782 0.33614123
 0.3360424  0.33596835 0.33590797 0.33587432 0.33580595 0.33572444
 0.33564287 0.3355893  0.33551657 0.33542418 0.33531642 0.33518615
 0.33505726 0.3349375  0.3348272  0.33476955 0.33471942 0.33464295
 0.33455524 0.33449715 0.3344218  0.33435506 0.33429676 0.33425263
 0.3342303  0.33422965 0.33422354 0.3341926  0.33421314 0.33425808
 0.33430946 0.33437946 0.33444065 0.33452556 0.33460855 0.33467674
 0.33471712 0.33473837 0.3347461  0.33474448 0.33475024 0.33476463
 0.33476245 0.33479807 0.33485392 0.33487612 0.33491302 0.33490044
 0.33489192 0.33489463 0.33489722 0.334899   0.33492038 0.3349277
 0.33493495 0.33496755 0.33499125 0.335015   0.3350772  0.3351522
 0.33520243 0.33521724 0.33525184 0.33527273 0.33530077 0.33533928
 0.33538043 0.3354418  0.33549547 0.33551058 0.3355181  0.33553448
 0.33553126 0.33555105 0.33556932 0.3355883  0.3356088  0.33560064
 0.33559597 0.33558604 0.3355742  0.33557624 0.33559445 0.33559963
 0.3356155  0.3355958  0.3355872  0.33555698 0.3355195  0.33546615
 0.33540982 0.33535197 0.33528656 0.33524147 0.33523253 0.33523166
 0.33524483 0.33524176 0.3352674  0.3353126  0.33530855 0.33526364
 0.33525705 0.33523753 0.335208   0.3352133  0.33526465 0.3353118
 0.33536705 0.33541277 0.33546057 0.3355216  0.33558968 0.33564377
 0.33570018 0.3357651  0.33582267 0.33590603 0.3360144  0.3361445
 0.33628    0.3364266  0.3365986  0.33677727 0.3369357  0.33708948
 0.33724138 0.33740836 0.33756343 0.33772686 0.33789325 0.33804497
 0.33819377 0.33833763 0.3384695  0.33860496 0.33876076 0.3388966
 0.33902568 0.33916873 0.33929613 0.33943054 0.33955714 0.33968487
 0.33980098 0.33990633 0.34001854 0.34014717 0.34025654 0.34035194
 0.3404545  0.3405406  0.34064442 0.340777   0.34087703 0.340946
 0.34100208 0.34107348 0.34114078 0.34119013 0.34124318 0.34129187
 0.3413408  0.34137473 0.3413943  0.34141502 0.34144312 0.34144825
 0.34144372 0.3414157  0.34138387 0.34133297 0.3412739  0.3411965
 0.3411315  0.3410409  0.34093735 0.34086895 0.3407897  0.34069222
 0.34058613 0.34049433 0.34041342 0.34032536 0.34021235 0.34008673
 0.33997124 0.33986962 0.3397517  0.33963746 0.33952576 0.33940783
 0.33927426 0.33911827 0.3389509  0.33880004 0.33865714 0.33852458
 0.3383842  0.3382323  0.33806926 0.3379058  0.33773598 0.3375542
 0.3373887  0.33725172 0.33711785 0.33697516 0.33682454 0.33669513
 0.3365829  0.3364785  0.33635706 0.3362317  0.3361056  0.33597648
 0.3358498  0.3357107  0.33556286 0.33541968 0.3353061  0.3352001
 0.33508384 0.33499792 0.3349178  0.33484474 0.33474344 0.33463722
 0.3345208  0.3344106  0.33430782 0.33422294 0.33412817 0.33404732
 0.33403158 0.33400977 0.33398676 0.33396477 0.33395275 0.33396614
 0.3339912  0.3340568  0.3341082  0.33411193 0.33408892]

bohai_90_365_dm24_CrossGNN_ev_custom_ftM_sl90_ll48_pl365_dm24_nh8_el2_dl1_df64_fc1_ebtimeF_dtTrue_Exp_0_lr0.01_ngcn1_tgcn1_ood1_td1_nd1_lossmse_layer2_scale4_hidden8_tk5_gh5  
mse:5.694249629974365, mae:1.7197473049163818, rmse:2.3862626552581787, rse:0.28070423007011414, corr:[0.3324829  0.33224148 0.33211693 0.33193964 0.33184794 0.33176306
 0.33165216 0.33151874 0.33140376 0.33131084 0.33128443 0.33123627
 0.33119458 0.33119377 0.3311897  0.33118662 0.3312048  0.33131325
 0.3314021  0.3315124  0.33165196 0.3317908  0.33189058 0.33199656
 0.33217013 0.3323268  0.33250526 0.3327217  0.33295238 0.33323547
 0.333512   0.3337341  0.33393165 0.3341748  0.33442047 0.3347315
 0.33501655 0.3352739  0.3356013  0.33594084 0.33634198 0.336767
 0.33713743 0.33746925 0.33772457 0.33801425 0.3383432  0.33863825
 0.3389508  0.33920336 0.3394077  0.33963338 0.3398927  0.34021258
 0.34049496 0.34071812 0.34091562 0.3411431  0.34141636 0.34166312
 0.34181368 0.34191927 0.34201488 0.34211925 0.3421709  0.34223014
 0.34222662 0.34220356 0.3421265  0.3420041  0.3418756  0.34174374
 0.34160125 0.3413645  0.34108806 0.34072822 0.34038383 0.34003347
 0.3396558  0.3392428  0.3388164  0.33839557 0.33795482 0.33745235
 0.33695304 0.3363973  0.3358031  0.33520877 0.3346597  0.33413383
 0.33359736 0.3330251  0.3324081  0.3317106  0.3309339  0.33021945
 0.3295178  0.32883868 0.32813433 0.32737255 0.32668895 0.32598022
 0.32521304 0.3244761  0.3238622  0.32322985 0.32253543 0.32180807
 0.3211302  0.3204324  0.31978577 0.31921193 0.31864244 0.31804118
 0.31744108 0.3168486  0.3163737  0.31588376 0.31540352 0.31495273
 0.31453514 0.3142177  0.31398085 0.31379476 0.31359383 0.31345075
 0.31329298 0.3131238  0.3129832  0.3128655  0.3127562  0.31269583
 0.31271443 0.31277627 0.31282786 0.31293812 0.31311485 0.31333208
 0.31359857 0.31388614 0.31417748 0.3145151  0.3148363  0.31522438
 0.3156848  0.31620127 0.31669262 0.3171876  0.317711   0.31820565
 0.31879994 0.3194305  0.32009387 0.32073677 0.32137328 0.32196963
 0.32257423 0.32323012 0.32386684 0.32451496 0.325084   0.32565582
 0.32625192 0.32685232 0.32746226 0.32806844 0.32865676 0.32924074
 0.3298014  0.3303475  0.33081502 0.33126825 0.33171743 0.3320956
 0.33251086 0.3329383  0.3333679  0.33380958 0.33427525 0.3347022
 0.33509314 0.33543155 0.33571982 0.3359394  0.3361853  0.33644092
 0.33673865 0.33694956 0.3371103  0.33725554 0.33738837 0.3375236
 0.33761364 0.3376912  0.3377048  0.33766967 0.33762425 0.33754802
 0.33746555 0.3373781  0.3372942  0.3372171  0.33714172 0.33707985
 0.3370346  0.33692926 0.33681753 0.336664   0.33649647 0.33630097
 0.3361051  0.33588824 0.33566353 0.3354321  0.33520824 0.33501405
 0.33484748 0.3346603  0.33447757 0.33432826 0.33415508 0.33400938
 0.33391032 0.3337597  0.33357188 0.3334156  0.33330783 0.33324644
 0.33324322 0.33328396 0.3333422  0.33343616 0.3335004  0.33350876
 0.33349535 0.33353534 0.33359885 0.33362842 0.33363318 0.33362478
 0.3336321  0.3337161  0.33386517 0.3339986  0.33411768 0.33420196
 0.33433574 0.33444595 0.3345486  0.33468944 0.33481637 0.33493984
 0.33504626 0.33518413 0.33533907 0.3354787  0.33563837 0.33579376
 0.33593026 0.3360364  0.336118   0.3361977  0.3362565  0.3363471
 0.33645096 0.3365589  0.33673257 0.33681452 0.33690634 0.33701405
 0.33716542 0.3373025  0.33741874 0.33754987 0.33767185 0.33776227
 0.3378374  0.33786654 0.33794662 0.3380539  0.33811557 0.33814952
 0.33816764 0.33820003 0.33823574 0.33829203 0.33830956 0.33835492
 0.33830065 0.33828646 0.33826607 0.33821753 0.3380994  0.33800068
 0.33789483 0.3377599  0.33762497 0.33744356 0.337292   0.33720896
 0.33716378 0.3370706  0.33695403 0.33685198 0.33676112 0.3366697
 0.33662677 0.33655798 0.33647987 0.33638382 0.33634388 0.33634853
 0.3363021  0.33627638 0.33620936 0.33610713 0.33604592 0.3360152
 0.33596393 0.3359382  0.3358877  0.33586523 0.33584097 0.33580533
 0.33580333 0.33577636 0.33573744 0.3356405  0.33556694 0.3355474
 0.3355495  0.33553275 0.33550632 0.33549017 0.33542782 0.335383
 0.33530617 0.33523485 0.33510733 0.33496577 0.3348362  0.3347612
 0.33470085 0.33458343 0.3345251  0.3344415  0.3343738  0.33423844
 0.33400658 0.33380264 0.33362857 0.33349705 0.33335766 0.33316454
 0.33308512 0.33295962 0.3327666  0.3325784  0.33241627 0.33229056
 0.33223718 0.33213642 0.33200878 0.33183017 0.3316322 ]

bohai_90_30_dm24_snMoE_CrossGNN_ev_custom_ftM_sl90_ll48_pl30_dm24_nh8_el2_dl1_df64_fc1_ebtimeF_dtTrue_Exp_0_lr0.01_ngcn1_tgcn1_ood1_td1_nd1_lossweighted_layer2_scale4_hidden8_tk5_gh24  
mse:1.2656229734420776, mae:0.867048978805542, rmse:1.1249990463256836, rse:0.1335374116897583, corr:[0.36458594 0.36472347 0.36476114 0.36478177 0.3647423  0.36471355
 0.3647069  0.3646813  0.36465704 0.36464253 0.364664   0.36460623
 0.3646992  0.36466467 0.3647448  0.36471927 0.3646769  0.36466116
 0.36457062 0.36463493 0.3645833  0.36448613 0.3644947  0.36445802
 0.36444202 0.36440435 0.3644388  0.36450362 0.36453807 0.36456507]

bohai_90_90_dm24_EA_snMoE_CrossGNN_ev_custom_ftM_sl90_ll48_pl90_dm24_nh8_el2_dl1_df64_fc1_ebtimeF_dtTrue_Exp_0_lr0.01_ngcn1_tgcn1_ood1_td1_nd1_lossweighted_layer2_scale4_hidden8_tk5_gh24  
mse:1.7627928256988525, mae:1.0484238862991333, rmse:1.3277020454406738, rse:0.15638554096221924, corr:[0.3635224  0.36377954 0.36390468 0.3640378  0.36416933 0.36423752
 0.3642468  0.36423764 0.36429882 0.36429274 0.36421883 0.36424258
 0.3642089  0.36416042 0.36406666 0.36397037 0.36386096 0.36374724
 0.3635799  0.36348292 0.36341563 0.36327484 0.3631417  0.3629822
 0.36287326 0.36268383 0.3625702  0.3624489  0.36228076 0.362102
 0.36192003 0.36181495 0.36166    0.36146766 0.36130485 0.3611516
 0.36098453 0.36085227 0.36074606 0.36056346 0.36042705 0.36029762
 0.36013132 0.3599784  0.35982424 0.35970855 0.35954407 0.35944873
 0.35931095 0.35916755 0.35909492 0.3590607  0.358947   0.35887045
 0.35882193 0.35879844 0.35875347 0.35867488 0.35862786 0.35858035
 0.3585517  0.35853115 0.35848317 0.35856506 0.3586049  0.35859093
 0.3586703  0.3587053  0.3588134  0.35886827 0.35891676 0.3590906
 0.3591739  0.359235   0.3593952  0.35953465 0.3596742  0.3598336
 0.35996982 0.36007988 0.36021388 0.3603904  0.36048144 0.3606498
 0.36077097 0.360972   0.3611474  0.36128515 0.3614258  0.36155558]

bohai_90_180_dm24_EA_snMoE_CrossGNN_ev_custom_ftM_sl90_ll48_pl180_dm24_nh8_el2_dl1_df64_fc1_ebtimeF_dtTrue_Exp_0_lr0.01_ngcn1_tgcn1_ood1_td1_nd1_lossweighted_layer2_scale4_hidden8_tk5_gh24  
mse:3.178147792816162, mae:1.4291449785232544, rmse:1.78273606300354, rse:0.20923930406570435, corr:[0.3539065  0.35361364 0.35372964 0.35347345 0.35351065 0.35377896
 0.35416102 0.35415462 0.35394457 0.35444778 0.35421377 0.3542863
 0.3548449  0.35470593 0.35515663 0.3544951  0.3544579  0.35416567
 0.3544651  0.3539864  0.35407034 0.3532094  0.3530958  0.35370463
 0.35294157 0.3529345  0.3534441  0.35337868 0.35315976 0.3533647
 0.35369825 0.35349125 0.3532199  0.3532325  0.35302097 0.35320535
 0.35290942 0.3535207  0.35276052 0.35323727 0.35315096 0.35346997
 0.3528226  0.35334817 0.35364783 0.35330814 0.35378444 0.35370204
 0.3543181  0.35344115 0.35397848 0.35424703 0.35358977 0.35389885
 0.35381597 0.35383394 0.35384172 0.354365   0.35405397 0.3539595
 0.3538588  0.35401484 0.35449836 0.35476166 0.35457483 0.35395163
 0.35459927 0.35510302 0.3543117  0.35502937 0.35503334 0.35498253
 0.35495868 0.35479426 0.35541537 0.35515356 0.3550524  0.35565382
 0.35551658 0.35578945 0.3554684  0.3562645  0.3551688  0.35543427
 0.3561989  0.3563219  0.35631892 0.356972   0.35663226 0.35612133
 0.35677418 0.35689488 0.35630047 0.35655433 0.3554047  0.35589272
 0.35590824 0.35662627 0.35590667 0.3564579  0.35624808 0.35608286
 0.3562648  0.3562245  0.35622618 0.35582677 0.3564902  0.35535797
 0.355969   0.35557655 0.35559222 0.35578623 0.3557757  0.3557556
 0.3563662  0.35602182 0.35581878 0.356047   0.35558146 0.35571045
 0.35583583 0.35565057 0.35564226 0.35591534 0.35556552 0.35531437
 0.3554519  0.35517278 0.3552529  0.3554944  0.35535654 0.35575274
 0.35559884 0.35522726 0.3548632  0.3550345  0.35487643 0.35499913
 0.35468474 0.35463595 0.35349873 0.35382575 0.35382766 0.35381266
 0.3538207  0.35359797 0.353668   0.35383096 0.35385302 0.35427755
 0.35421148 0.35411128 0.35401556 0.35408667 0.35416552 0.35476345
 0.35400206 0.35468116 0.35443732 0.3548112  0.35451415 0.35420412
 0.35466713 0.3545952  0.3540816  0.3542832  0.3546004  0.3542107
 0.35471502 0.35487342 0.35432518 0.35412905 0.35416546 0.35411277
 0.35350588 0.3540883  0.35369408 0.35401902 0.35452166 0.35435256]

bohai_90_90_dm24_snMoE_CrossGNN_ev_custom_ftM_sl90_ll48_pl90_dm24_nh8_el2_dl1_df64_fc1_ebtimeF_dtTrue_Exp_0_lr0.01_ngcn1_tgcn1_ood1_td1_nd1_lossweighted_layer2_scale4_hidden8_tk5_gh24  
mse:1.7583907842636108, mae:1.0467793941497803, rmse:1.3260432481765747, rse:0.1561901569366455, corr:[0.3634478  0.3637029  0.36386096 0.3639829  0.36405864 0.36414233
 0.3641986  0.36425456 0.36424664 0.36423922 0.36416593 0.3641384
 0.36409512 0.364033   0.36393973 0.36382538 0.3637332  0.36362833
 0.3635282  0.3634014  0.3632825  0.36314043 0.36298648 0.3628487
 0.36270648 0.36257878 0.36243227 0.36229777 0.36214364 0.3619948
 0.36182356 0.36168143 0.36152065 0.36136082 0.36118233 0.36098793
 0.36080232 0.36061656 0.36044955 0.36030272 0.36017    0.3600484
 0.35990992 0.35976171 0.35963064 0.35950825 0.35937893 0.35923952
 0.35909218 0.3589947  0.35887    0.358777   0.3586847  0.35861772
 0.358532   0.35850444 0.35842967 0.3583793  0.35830867 0.35828146
 0.35826042 0.3582718  0.35828134 0.35830325 0.35830927 0.35833684
 0.35833162 0.35837534 0.3584341  0.35848352 0.35849124 0.35858536
 0.35860637 0.35866344 0.3587264  0.35880527 0.35890087 0.35904276
 0.3591489  0.35926074 0.35942417 0.35956103 0.35971826 0.35989368
 0.3600456  0.36023307 0.3603989  0.36056784 0.3607776  0.36093527]

bohai_90_365_dm24_EA_snMoE_CrossGNN_ev_custom_ftM_sl90_ll48_pl365_dm24_nh8_el2_dl1_df64_fc1_ebtimeF_dtTrue_Exp_0_lr0.01_ngcn1_tgcn1_ood1_td1_nd1_lossweighted_layer2_scale4_hidden8_tk5_gh24  
mse:2.2857720851898193, mae:1.2069355249404907, rmse:1.5118770599365234, rse:0.1778472512960434, corr:[0.3349229  0.33525482 0.33540428 0.3356418  0.33590508 0.3357571
 0.33587673 0.3357009  0.3354404  0.33561546 0.3354005  0.33542228
 0.335414   0.33546257 0.33536112 0.33526766 0.33533713 0.33562866
 0.33593208 0.3359597  0.33623332 0.33596534 0.33577707 0.3354541
 0.33503947 0.33542895 0.33536965 0.33509615 0.33518425 0.33559963
 0.33610412 0.3366105  0.33689895 0.3371193  0.33697245 0.33699977
 0.33693168 0.3368997  0.33687967 0.33692467 0.3367642  0.33665887
 0.33648822 0.336745   0.337096   0.33752978 0.33781108 0.3376377
 0.33725962 0.33679628 0.33674818 0.33690104 0.33711413 0.3370924
 0.33703142 0.33696467 0.3369823  0.33716273 0.33697715 0.33698362
 0.337063   0.33660534 0.33644053 0.33641475 0.3366116  0.33623198
 0.3369828  0.3368704  0.3370295  0.3372577  0.3373817  0.33783817
 0.33835644 0.33842003 0.3384216  0.33843148 0.33831683 0.33853373
 0.3387556  0.33876657 0.33893913 0.3389995  0.33913487 0.33885685
 0.33893093 0.3394558  0.33964247 0.3398513  0.33976078 0.33971384
 0.33943385 0.33928722 0.33953956 0.33938494 0.3393496  0.33916166
 0.3392712  0.3390607  0.33911297 0.33927882 0.33965436 0.33971545
 0.33961827 0.33975264 0.3397645  0.3399772  0.33994502 0.34017336
 0.3399679  0.33990473 0.33995527 0.34011272 0.3402009  0.33968168
 0.33985132 0.33968723 0.33976355 0.34010592 0.34002984 0.33949286
 0.3394118  0.33893564 0.33905882 0.33901194 0.3391398  0.3388618
 0.33830371 0.33799157 0.33790988 0.33776096 0.33772945 0.33786613
 0.33772463 0.33742917 0.3373122  0.33750042 0.33768708 0.3374517
 0.33749947 0.33711055 0.3372635  0.3373116  0.33676523 0.3367968
 0.3366078  0.33642375 0.3363251  0.33660138 0.33601508 0.33573735
 0.33574802 0.33553427 0.33545458 0.33489543 0.33517742 0.3348839
 0.33496958 0.33512694 0.3350292  0.3347751  0.33518484 0.33507758
 0.33507025 0.3349322  0.33510998 0.3351076  0.3353943  0.33470294
 0.33470893 0.33442393 0.33464295 0.33434552 0.33416432 0.33457297
 0.33469838 0.33486682 0.33436936 0.3344565  0.33402273 0.33379936
 0.3337655  0.33341384 0.3337716  0.33401954 0.33362722 0.33390665
 0.33376795 0.3340076  0.3339156  0.33418345 0.33395702 0.3339084
 0.333919   0.3339689  0.3339465  0.33407417 0.334195   0.3345426
 0.33493373 0.33463863 0.33463708 0.334669   0.33456224 0.33448404
 0.33475003 0.33466724 0.33497992 0.33518735 0.33546165 0.33555016
 0.33560482 0.33581004 0.33569634 0.33544964 0.3349435  0.33512753
 0.33522537 0.33499485 0.3351066  0.3349666  0.33492327 0.3347242
 0.33502337 0.33547878 0.335778   0.33575523 0.3356104  0.3359193
 0.33546633 0.3360007  0.3367544  0.3368086  0.33663914 0.33665866
 0.33710837 0.33721462 0.337563   0.33748484 0.33726618 0.3375482
 0.33822796 0.33852503 0.33845615 0.33816594 0.3380013  0.3385465
 0.33840594 0.33904734 0.33902434 0.33874202 0.33847848 0.337949
 0.3377228  0.33818278 0.33824623 0.33824366 0.3382855  0.33863714
 0.33876696 0.33916408 0.33941272 0.33925226 0.33938313 0.33950484
 0.33958092 0.33987337 0.34002253 0.34010005 0.34008473 0.3403614
 0.34062237 0.34091988 0.3408421  0.34034485 0.34032047 0.34031862
 0.34007442 0.33960974 0.33981848 0.33966285 0.3397868  0.33989877
 0.33974928 0.33977103 0.3397376  0.33950254 0.3391281  0.33910114
 0.339252   0.3393135  0.3393776  0.3393165  0.3395011  0.33929312
 0.3393844  0.3387678  0.3385969  0.3386315  0.33882594 0.3390563
 0.33966136 0.33970097 0.33941585 0.33935618 0.33888492 0.33842188
 0.33833188 0.33824566 0.33852407 0.33846718 0.33812803 0.33872345
 0.33886382 0.33859637 0.33871698 0.3389278  0.33878368 0.33885702
 0.33911505 0.33949527 0.33865595 0.33873007 0.3387717  0.33843893
 0.3383251  0.33807743 0.33780372 0.33774513 0.33740345 0.3369355
 0.33695614 0.33688688 0.33659682 0.33639306 0.33691317 0.33672142
 0.3365562  0.33613414 0.3361257  0.335774   0.33606258 0.33636713
 0.33599797 0.3354423  0.3350956  0.33484843 0.33469307 0.33449024
 0.33490512 0.33504853 0.33489832 0.33518612 0.33490607 0.33452386
 0.33426312 0.33428532 0.3342239  0.33441627 0.3345653  0.3342578
 0.3340268  0.33398944 0.33393276 0.33403328 0.33428836]

bohai_90_30_Transformer_sv_custom_ftM_sl90_ll45_pl30_dm24_nh8_el2_dl1_df64_fc3_ebtimeF_dtTrue_Exp_0_lr0.0001_ngcn1_tgcn1_ood1_td1_nd1_lossMSE_layer2_scale4_hidden8_tk5_gh24  
mse:50.49128723144531, mae:5.843354225158691, rmse:7.105721950531006, rse:0.8434492945671082, corr:[0.21925446 0.23740526 0.2416664  0.24142085 0.2392277  0.23818922
 0.2367422  0.23847641 0.23992023 0.23996814 0.23763187 0.23541965
 0.2357158  0.23694757 0.23672335 0.23623072 0.2384028  0.23625101
 0.23328531 0.22866586 0.22788492 0.22732753 0.22949262 0.22680981
 0.2244993  0.22228023 0.21954545 0.2209286  0.22442415 0.15889463]

bohai_90_90_Transformer_sv_custom_ftM_sl90_ll45_pl90_dm24_nh8_el2_dl1_df64_fc3_ebtimeF_dtTrue_Exp_0_lr0.0001_ngcn1_tgcn1_ood1_td1_nd1_lossMSE_layer2_scale4_hidden8_tk5_gh24  
mse:56.232784271240234, mae:6.2431559562683105, rmse:7.498852252960205, rse:0.883264422416687, corr:[0.19614549 0.21847564 0.2193515  0.22002508 0.22098324 0.22211042
 0.22434248 0.22575161 0.22599237 0.22581202 0.22780229 0.23009267
 0.22956346 0.22936039 0.23295698 0.23407906 0.23182155 0.2292208
 0.22699739 0.2288655  0.23213755 0.23551957 0.23579702 0.23598528
 0.23272793 0.23079379 0.23400709 0.23582964 0.23494183 0.22895132
 0.22264035 0.22534306 0.22947279 0.23223843 0.2323018  0.2300804
 0.22612302 0.2267162  0.23076905 0.2328142  0.23166718 0.22720607
 0.22048579 0.22034878 0.22214223 0.22487478 0.22438706 0.22365429
 0.22195007 0.2219914  0.2214327  0.22154672 0.22166124 0.22186682
 0.21975172 0.21795928 0.21613067 0.21592718 0.21656616 0.21507311
 0.21129362 0.21016933 0.20894806 0.20699494 0.20221582 0.19986959
 0.1973821  0.19487382 0.19609335 0.19641383 0.19574209 0.19481921
 0.19259854 0.19115496 0.19041988 0.18762141 0.18331075 0.18010578
 0.17825373 0.17593567 0.17384267 0.1716139  0.17037882 0.16991639
 0.16832803 0.16358076 0.15960412 0.15454328 0.14930545 0.14473207]

bohai_90_30_Transformer_sv_custom_ftM_sl90_ll45_pl30_dm24_nh8_el2_dl1_df64_fc3_ebtimeF_dtTrue_Exp_0_lr0.0001_ngcn1_tgcn1_ood1_td1_nd1_lossMSE_layer2_scale4_hidden8_tk5_gh24  
mse:50.49127960205078, mae:5.843353271484375, rmse:7.105721473693848, rse:0.8434492945671082, corr:[0.21925458 0.23740537 0.2416666  0.24142103 0.23922773 0.23818925
 0.23674239 0.23847656 0.23992024 0.23996809 0.23763193 0.2354197
 0.23571582 0.23694758 0.23672342 0.2362308  0.23840284 0.23625106
 0.23328526 0.2286659  0.22788481 0.22732766 0.22949266 0.22680987
 0.22449936 0.22228037 0.21954563 0.22092868 0.22442417 0.15889472]

bohai_90_90_Transformer_sv_custom_ftM_sl90_ll45_pl90_dm24_nh8_el2_dl1_df64_fc3_ebtimeF_dtTrue_Exp_0_lr0.0001_ngcn1_tgcn1_ood1_td1_nd1_lossMSE_layer2_scale4_hidden8_tk5_gh24  
mse:56.232757568359375, mae:6.243154048919678, rmse:7.498850345611572, rse:0.8832641839981079, corr:[0.19614439 0.2184766  0.21935272 0.220027   0.22098537 0.22211252
 0.22434448 0.22575311 0.22599393 0.22581394 0.22780392 0.23009403
 0.22956464 0.22936146 0.23295908 0.23408143 0.23182455 0.22922434
 0.22699998 0.22886862 0.23214102 0.2355218  0.23579833 0.23598675
 0.23272948 0.23079501 0.23400852 0.23583028 0.23494284 0.22895277
 0.22264217 0.22534479 0.22947483 0.23224035 0.23230322 0.23008119
 0.22612321 0.22671679 0.230771   0.23281585 0.2316687  0.22720763
 0.22048712 0.22034994 0.22214298 0.22487596 0.22438894 0.22365676
 0.2219524  0.22199315 0.22143391 0.22154804 0.22166178 0.22186752
 0.21975294 0.2179601  0.21613172 0.21592775 0.21656686 0.21507373
 0.21129434 0.21017058 0.2089487  0.20699558 0.20221706 0.19987051
 0.19738314 0.19487457 0.19609396 0.19641519 0.19574344 0.19482054
 0.19260044 0.191156   0.19042082 0.1876222  0.18331207 0.18010685
 0.17825489 0.17593612 0.17384298 0.17161354 0.17037909 0.16991648
 0.16832837 0.16358095 0.15960385 0.1545436  0.14930572 0.14473073]

bohai_90_180_Transformer_sv_custom_ftM_sl90_ll45_pl180_dm24_nh8_el2_dl1_df64_fc3_ebtimeF_dtTrue_Exp_0_lr0.0001_ngcn1_tgcn1_ood1_td1_nd1_lossMSE_layer2_scale4_hidden8_tk5_gh24  
mse:67.02964782714844, mae:6.877635955810547, rmse:8.187163352966309, rse:0.9609254002571106, corr:[0.09509394 0.12586898 0.12835304 0.13142301 0.13325323 0.13585143
 0.1387979  0.14045362 0.14256415 0.14635396 0.15072164 0.15310524
 0.15348399 0.1545932  0.15712188 0.16001323 0.15965232 0.15949331
 0.16021854 0.16413479 0.1657042  0.16733901 0.17000316 0.17117727
 0.17043962 0.16940397 0.16993822 0.17154817 0.1711334  0.16665213
 0.16524853 0.1686473  0.17346057 0.17559747 0.17714082 0.17851523
 0.17970473 0.181191   0.18206723 0.18366756 0.18513261 0.1845657
 0.18124042 0.18107727 0.18649022 0.18898341 0.1881496  0.18869059
 0.18952128 0.18926525 0.18878879 0.1875731  0.18816377 0.19133317
 0.19349183 0.19230007 0.19278896 0.19577804 0.19712952 0.19825642
 0.19898403 0.19864069 0.19795169 0.19804554 0.19845326 0.19987056
 0.20195739 0.20180908 0.20030239 0.19936483 0.2016213  0.20344345
 0.20440908 0.20484135 0.20536996 0.20486988 0.20286793 0.20228678
 0.20377636 0.20538394 0.20408571 0.20069268 0.20075133 0.20370944
 0.20562188 0.20512725 0.20178205 0.1991287  0.1985383  0.19951563
 0.20306271 0.20348157 0.19809477 0.18739536 0.17750219 0.17773409
 0.18906642 0.19818027 0.19967532 0.19828339 0.19922332 0.20251507
 0.20597063 0.20608534 0.20555846 0.2047722  0.20110731 0.19825642
 0.20167603 0.2063423  0.20846234 0.20947692 0.20796266 0.20557179
 0.20603435 0.20496038 0.20328397 0.2021819  0.19889954 0.19406115
 0.19004202 0.19368643 0.19967899 0.20069668 0.19763763 0.19152032
 0.18815883 0.191506   0.1921814  0.19054905 0.18892713 0.18378064
 0.1790501  0.18217614 0.18406492 0.1821847  0.17915888 0.1721564
 0.1641946  0.1636189  0.16692798 0.16593076 0.1634115  0.15638876
 0.14692399 0.14895268 0.15817586 0.16068043 0.15585776 0.14045039
 0.11511993 0.10695955 0.11346246 0.12586997 0.12267958 0.11147527
 0.09636773 0.09353121 0.10560078 0.11721315 0.1128535  0.10003272
 0.08328526 0.06931545 0.06745987 0.07890685 0.08495481 0.08254468
 0.07397252 0.06704347 0.07076652 0.08501589 0.08996828 0.08184403
 0.06759995 0.04870602 0.03805315 0.03534927 0.03761693 0.0749881 ]

bohai_90_30_Transformer_sv_custom_ftM_sl90_ll45_pl30_dm24_nh8_el2_dl1_df64_fc3_ebtimeF_dtTrue_Exp_0_lr0.0001_ngcn1_tgcn1_ood1_td1_nd1_lossMSE_layer2_scale4_hidden8_tk5_gh24  
mse:50.491275787353516, mae:5.843353271484375, rmse:7.105721473693848, rse:0.8434492349624634, corr:14.207707332455808

bohai_90_90_Transformer_sv_custom_ftM_sl90_ll45_pl90_dm24_nh8_el2_dl1_df64_fc3_ebtimeF_dtTrue_Exp_0_lr0.0001_ngcn1_tgcn1_ood1_td1_nd1_lossMSE_layer2_scale4_hidden8_tk5_gh24  
mse:56.23264694213867, mae:6.243146896362305, rmse:7.498843193054199, rse:0.8832634091377258, corr:21.49712259482476

bohai_90_180_Transformer_sv_custom_ftM_sl90_ll45_pl180_dm24_nh8_el2_dl1_df64_fc3_ebtimeF_dtTrue_Exp_0_lr0.0001_ngcn1_tgcn1_ood1_td1_nd1_lossMSE_layer2_scale4_hidden8_tk5_gh24  
mse:67.0296859741211, mae:6.877639293670654, rmse:8.187166213989258, rse:0.9609256982803345, corr:21.054775486716345

bohai_90_365_Transformer_sv_custom_ftM_sl90_ll45_pl365_dm24_nh8_el2_dl1_df64_fc3_ebtimeF_dtTrue_Exp_0_lr0.0001_ngcn1_tgcn1_ood1_td1_nd1_lossMSE_layer2_scale4_hidden8_tk5_gh24  
mse:79.89033508300781, mae:7.7596235275268555, rmse:8.938138961791992, rse:1.0514237880706787, corr:2.481286109642354

bohai_90_30_Transformer_sv_custom_ftM_sl90_ll45_pl30_dm24_nh8_el2_dl1_df64_fc3_ebtimeF_dtTrue_Exp_0_lr0.0001_ngcn1_tgcn1_ood1_td1_nd1_lossMSE_layer2_scale4_hidden8_tk5_gh24  
mse:4.143829345703125, mae:1.6100341081619263, rmse:2.035639762878418, rse:0.24163047969341278, corr:21.151892613092997

bohai_90_90_Transformer_sv_custom_ftM_sl90_ll45_pl90_dm24_nh8_el2_dl1_df64_fc3_ebtimeF_dtTrue_Exp_0_lr0.0001_ngcn1_tgcn1_ood1_td1_nd1_lossMSE_layer2_scale4_hidden8_tk5_gh24  
mse:5.7208251953125, mae:1.867134928703308, rmse:2.391824722290039, rse:0.2817249298095703, corr:36.65407314247164

bohai_90_30_Transformer_sv_custom_ftM_sl90_ll45_pl30_dm24_nh8_el2_dl1_df64_fc3_ebtimeF_dtTrue_Exp_0_lr0.0001_ngcn1_tgcn1_ood1_td1_nd1_lossMSE_layer2_scale4_hidden8_tk5_gh24  
mse:1.420250654220581, mae:0.9317181706428528, rmse:1.1917426586151123, rse:0.1414598822593689, corr:20.964324319691396

bohai_90_90_Transformer_sv_custom_ftM_sl90_ll45_pl90_dm24_nh8_el2_dl1_df64_fc3_ebtimeF_dtTrue_Exp_0_lr0.0001_ngcn1_tgcn1_ood1_td1_nd1_lossMSE_layer2_scale4_hidden8_tk5_gh24  
mse:1.8646483421325684, mae:1.0771969556808472, rmse:1.3655213117599487, rse:0.16084013879299164, corr:35.93049960826236

bohai_90_180_Transformer_sv_custom_ftM_sl90_ll45_pl180_dm24_nh8_el2_dl1_df64_fc3_ebtimeF_dtTrue_Exp_0_lr0.001_ngcn1_tgcn1_ood1_td1_nd1_lossMSE_layer2_scale4_hidden8_tk5_gh24  
mse:1.7784873247146606, mae:1.0595632791519165, rmse:1.333599328994751, rse:0.15652424097061157, corr:49.991331203022874

bohai_90_365_Transformer_sv_custom_ftM_sl90_ll45_pl365_dm24_nh8_el2_dl1_df64_fc3_ebtimeF_dtTrue_Exp_0_lr0.0001_ngcn1_tgcn1_ood1_td1_nd1_lossMSE_layer2_scale4_hidden8_tk5_gh24  
mse:3.1483840942382812, mae:1.397535800933838, rmse:1.7743686437606812, rse:0.20872503519058228, corr:68.31974765145168

bohai_90_30_Transformer_sv_custom_ftM_sl90_ll45_pl30_dm24_nh8_el2_dl1_df64_fc3_ebtimeF_dtTrue_Exp_0_lr0.0001_ngcn1_tgcn1_ood1_td1_nd1_lossMSE_layer2_scale4_hidden8_tk5_gh24  
mse:1.4202464818954468, mae:0.9317162036895752, rmse:1.1917409896850586, rse:0.14145967364311218, corr:20.96432977265094

south_sea_90_30_Transformer_sv_custom_ftM_sl90_ll45_pl30_dm24_nh8_el2_dl1_df64_fc3_ebtimeF_dtTrue_Exp_0_lr0.0001_ngcn1_tgcn1_ood1_td1_nd1_lossMSE_layer2_scale4_hidden8_tk5_gh24  
mse:0.4143160879611969, mae:0.4952410161495209, rmse:0.6436738967895508, rse:0.35248732566833496, corr:46.357865606844825

bohai_90_90_Transformer_sv_custom_ftM_sl90_ll45_pl90_dm24_nh8_el2_dl1_df64_fc3_ebtimeF_dtTrue_Exp_0_lr0.0001_ngcn1_tgcn1_ood1_td1_nd1_lossMSE_layer2_scale4_hidden8_tk5_gh24  
mse:1.864651083946228, mae:1.0772005319595337, rmse:1.3655222654342651, rse:0.16084024310112, corr:35.93052038044927

bohai_90_180_Transformer_sv_custom_ftM_sl90_ll45_pl180_dm24_nh8_el2_dl1_df64_fc3_ebtimeF_dtTrue_Exp_0_lr0.001_ngcn1_tgcn1_ood1_td1_nd1_lossMSE_layer2_scale4_hidden8_tk5_gh24  
mse:1.7783634662628174, mae:1.059525966644287, rmse:1.3335529565811157, rse:0.15651878714561462, corr:49.99119394924557

south_sea_90_90_Transformer_sv_custom_ftM_sl90_ll45_pl90_dm24_nh8_el2_dl1_df64_fc3_ebtimeF_dtTrue_Exp_0_lr0.0001_ngcn1_tgcn1_ood1_td1_nd1_lossMSE_layer2_scale4_hidden8_tk5_gh24  
mse:0.6990392804145813, mae:0.6485188603401184, rmse:0.8360856771469116, rse:0.45643332600593567, corr:77.97745692617337

bohai_90_365_Transformer_sv_custom_ftM_sl90_ll45_pl365_dm24_nh8_el2_dl1_df64_fc3_ebtimeF_dtTrue_Exp_0_lr0.0001_ngcn1_tgcn1_ood1_td1_nd1_lossMSE_layer2_scale4_hidden8_tk5_gh24  
mse:3.1480376720428467, mae:1.3974599838256836, rmse:1.774271011352539, rse:0.20871354639530182, corr:68.31978628346086

south_sea_90_180_Transformer_sv_custom_ftM_sl90_ll45_pl180_dm24_nh8_el2_dl1_df64_fc3_ebtimeF_dtTrue_Exp_0_lr0.0001_ngcn1_tgcn1_ood1_td1_nd1_lossMSE_layer2_scale4_hidden8_tk5_gh24  
mse:0.9794372320175171, mae:0.7705094218254089, rmse:0.9896652102470398, rse:0.5357091426849365, corr:105.40940565689287

south_sea_90_365_Transformer_sv_custom_ftM_sl90_ll45_pl365_dm24_nh8_el2_dl1_df64_fc3_ebtimeF_dtTrue_Exp_0_lr0.0001_ngcn1_tgcn1_ood1_td1_nd1_lossMSE_layer2_scale4_hidden8_tk5_gh24  
mse:1.046889305114746, mae:0.805590808391571, rmse:1.0231760740280151, rse:0.5449868440628052, corr:143.61026937746183

bohai_90_30_dm8_CrossGNN_sv_custom_ftM_sl90_ll48_pl30_dm24_nh8_el2_dl1_df64_fc1_ebtimeF_dtTrue_Exp_0_lr0.0001_ngcn1_tgcn1_ood1_td1_nd1_lossMSE_layer2_scale4_hidden8_tk5_gh24  
mse:4.349883079528809, mae:1.5559073686599731, rmse:2.085637331008911, rse:0.24756519496440887, corr:20.63736366995961

bohai_90_90_dm8_CrossGNN_sv_custom_ftM_sl90_ll48_pl90_dm24_nh8_el2_dl1_df64_fc1_ebtimeF_dtTrue_Exp_0_lr0.0001_ngcn1_tgcn1_ood1_td1_nd1_lossMSE_layer2_scale4_hidden8_tk5_gh24  
mse:36.676719665527344, mae:4.5462117195129395, rmse:6.056130886077881, rse:0.7133311629295349, corr:32.600774712642846

bohai_90_30_dm8_CrossGNN_sv_custom_ftM_sl90_ll48_pl30_dm24_nh8_el2_dl1_df64_fc1_ebtimeF_dtTrue_Exp_0_lr0.0001_ngcn1_tgcn1_ood1_td1_nd1_lossMSE_layer2_scale4_hidden8_tk5_gh24  
mse:2.6460070610046387, mae:1.1847306489944458, rmse:1.6266552209854126, rse:0.1930840015411377, corr:20.614954873753216

bohai_90_90_dm8_CrossGNN_sv_custom_ftM_sl90_ll48_pl90_dm24_nh8_el2_dl1_df64_fc1_ebtimeF_dtTrue_Exp_0_lr0.0001_ngcn1_tgcn1_ood1_td1_nd1_lossMSE_layer2_scale4_hidden8_tk5_gh24  
mse:11.256765365600586, mae:2.4328925609588623, rmse:3.3551104068756104, rse:0.3951870799064636, corr:34.77920223220596

bohai_90_180_dm8_CrossGNN_sv_custom_ftM_sl90_ll48_pl180_dm24_nh8_el2_dl1_df64_fc1_ebtimeF_dtTrue_Exp_0_lr0.0001_ngcn1_tgcn1_ood1_td1_nd1_lossMSE_layer2_scale4_hidden8_tk5_gh24  
mse:23.14040756225586, mae:3.574225425720215, rmse:4.810447692871094, rse:0.5646011233329773, corr:44.11691293119052

